14.225
14.225
14.4669
14.8779
15.3061
15.525
15.5668
15.3683
15.0285
14.7775
14.5546
14.5037
14.5245
14.7848
15.0314
15.2556
15.5578
15.8633
16.2625
16.6208
17.175
17.9911
19.0694
20.525
22.1175
23.8465
25.6895
27.5905
29.4974
31.3874
33.3574
35.3213
37.1948
38.745
40.2492
41.3306
41.9954
41.9008
41.1163
39.6192
37.3817
34.4283
30.5794
25.2691
18.4805
9.74341
-0.774582
-12.0616
-24.1371
-35.0955
-44.2678
-50.087
-52.5761
-52.0503
-48.5365
-42.8148
-36.0289
-28.6123
-21.7149
-15.4688
-9.77321
-5.05392
-0.966203
2.62194
5.68091
9.00015
11.6589
13.9946
15.5859
16.5457
17.1506
17.2213
17.0913
16.703
16.2545
15.6402
14.9155
13.9649
12.8177
11.3619
9.63582
7.80407
5.87557
3.95192
2.04452
0.14861
-1.62962
-3.48402
-5.24053
-6.99722
-8.59077
-10.1304
-11.5549
-12.7098
-13.7491
-14.6125
-15.425
-16.0773
-16.6723
-17.4178
-18.276
-19.2632
-20.2565
-21.392
-22.5085
-23.426
-24.2105
-24.8343
-25.3968
-25.8442
-26.1499
-26.3541
-26.5032
-26.6476
-26.7715
-26.9489
-27.0619
-26.8498
-26.4265
-25.958
-25.5834
-25.3986
-25.3986
14.1276
14.3377
14.5401
14.876
15.2751
15.5792
15.606
15.4601
15.225
15.2093
15.0445
14.9727
14.8114
14.8622
15.0652
15.4051
15.3275
15.1878
15.3103
15.3073
15.8615
16.8558
18.205
19.741
21.3953
22.9912
24.4794
25.8772
27.5168
29.4349
30.9998
32.8485
35.2401
37.1015
38.3269
39.1131
39.3223
39.8316
39.2067
37.1249
34.5142
30.3544
24.9903
17.8108
8.93591
-0.403895
-11.0227
-21.9829
-31.2285
-39.0189
-45.2077
-49.37
-52.1132
-51.1085
-49.6911
-46.8719
-41.514
-43.9068
-29.5185
-22.8787
-20.4497
-17.0919
-12.2769
-7.54591
-2.51577
1.94507
5.48998
8.84758
12.9596
14.9744
15.2722
15.7989
16.0999
16.1413
15.6482
14.113
13.0499
12.4988
12.2038
10.9191
9.74971
7.95348
5.38638
3.13985
1.01714
-0.71237
-2.37143
-4.06356
-5.68349
-7.39914
-9.16376
-11.3034
-13.051
-13.9606
-14.7428
-15.1095
-15.5351
-16.0446
-17.1948
-18.3516
-19.5213
-20.7413
-21.7411
-22.6112
-23.1722
-23.7822
-24.6856
-25.1929
-25.5301
-25.813
-26.0356
-26.2578
-26.413
-26.5647
-26.7139
-26.8334
-26.8069
-26.5663
-26.2249
-25.7944
-25.2652
-25.1258
-25.3644
14.1493
14.3782
14.6623
14.9936
15.3999
15.7159
15.6507
15.5172
15.3628
15.2431
15.1081
15.0371
14.9757
15.0076
15.1176
15.1563
15.1126
15.073
15.0501
15.0152
15.3203
16.4564
18.0569
19.3064
20.1221
21.6261
23.604
25.715
27.5509
29.1332
31.0893
32.3168
33.4289
34.4831
36.1165
37.7983
39.5264
39.6035
38.7667
36.9502
33.6825
29.0774
22.5305
13.5379
2.18938
-10.7046
-21.48
-30.4038
-37.634
-43.0132
-46.7661
-49.6648
-51.7585
-51.4812
-50.7607
-49.9193
-48.5509
-36.4805
-38.5301
-33.4536
-27.1175
-19.242
-13.0024
-7.32738
-3.32753
0.319473
4.31392
7.81563
10.277
12.7521
14.9708
16.0042
16.2993
16.4935
15.5506
13.9293
12.3197
11.5862
11.7089
10.318
8.91664
7.33751
5.14539
2.64698
0.853047
-1.3297
-3.58475
-5.44839
-7.21165
-8.40793
-10.7337
-12.8523
-14.3847
-15.7764
-16.329
-16.0894
-15.7061
-15.9458
-16.6915
-17.8753
-19.6313
-21.4927
-23.3395
-23.7716
-23.7267
-24.1541
-24.6647
-25.2384
-25.5153
-25.7649
-26.0297
-26.1751
-26.3002
-26.4384
-26.3396
-26.6559
-26.3735
-26.1419
-25.928
-25.6437
-25.2633
-25.1938
-25.3928
14.1043
14.2617
14.5988
14.9271
15.2153
15.54
15.857
15.7713
15.3832
15.1907
15.0464
14.9589
14.9037
14.9371
14.9619
14.9888
15.0507
15.1415
15.1389
15.1471
15.591
16.3064
17.2414
17.4549
18.4511
20.6015
23.1533
25.3937
27.0911
28.8469
30.0372
31.2858
32.8488
36.1658
38.2425
39.2574
40.4136
40.4228
39.3749
37.5836
34.6184
29.8603
22.4386
10.8138
-1.73455
-12.9308
-23.9439
-33.7061
-41.1046
-46.4257
-49.8377
-51.1291
-52.2624
-52.3491
-52.5087
-51.2042
-43.4696
-34.9101
-27.9396
-30.1823
-26.0635
-20.1108
-11.6658
-6.24478
-2.07149
1.81117
5.13232
8.55995
12.6517
15.1671
16.2817
16.5509
16.9527
16.4965
15.3557
14.2217
13.0763
10.2834
10.7417
9.46637
8.30802
6.27104
4.06464
2.12625
0.297069
-1.58239
-3.31101
-6.13702
-8.81018
-10.6811
-11.7568
-15.7803
-16.6419
-17.2825
-17.856
-17.132
-16.8425
-17.126
-17.3751
-18.72
-20.3306
-22.6384
-22.1515
-22.7844
-24.1634
-24.4864
-24.8159
-24.9855
-25.0822
-25.4385
-25.7958
-25.8236
-26.016
-26.2421
-26.3209
-26.4058
-26.3538
-25.9631
-25.7587
-25.6638
-25.5853
-25.6193
-25.6392
14.0734
14.3306
14.5053
14.7881
15.2593
15.7136
15.9521
15.8053
15.3426
15.1435
14.9802
14.8898
14.8669
14.8345
14.8515
14.9092
15.0673
15.1076
15.1286
15.131
15.2621
16.0006
16.0197
16.2502
18.0831
19.9415
21.2143
22.245
24.5731
26.3059
27.4673
29.4144
33.5837
35.6997
36.7804
38.6513
40.2125
40.5008
39.497
37.3443
34.3515
29.5797
21.296
11.5072
3.1535
-5.93813
-16.8755
-29.5102
-41.2177
-48.5075
-51.6637
-53.8881
-54.863
-54.762
-53.2697
-49.3324
-42.8097
-33.9596
-25.3776
-20.3503
-18.3054
-16.2028
-12.0556
-6.0406
-0.771119
3.48191
7.03344
9.87722
13.3093
15.524
17.5366
17.6634
16.7774
15.7519
14.4825
13.2377
11.9609
11.9708
8.55036
7.31646
8.08301
7.08662
4.77259
2.212
-0.0747738
-1.71188
-3.80453
-5.11641
-7.95512
-11.8443
-14.5811
-13.1579
-14.5127
-15.0865
-15.7879
-18.5256
-19.1559
-18.6311
-18.9604
-19.7857
-21.8606
-21.0595
-21.509
-22.4375
-23.9009
-24.4345
-24.6962
-24.8867
-24.9258
-25.3032
-25.6338
-25.8103
-25.9719
-26.1292
-26.2093
-26.2762
-26.3148
-26.2292
-25.9445
-25.7782
-25.6855
-25.7481
-25.9407
14.2967
14.7975
15.1805
15.238
15.3445
15.6457
15.6897
15.4466
15.2806
15.1256
14.9771
14.8646
14.8345
14.9919
15.0015
15.0011
15.0177
15.1118
15.131
15.131
15.131
15.131
15.1798
15.5567
17.4586
16.7533
17.4482
18.8589
22.6821
22.7263
24.857
30.3701
32.3111
33.3337
31.7389
36.8243
38.2215
38.585
38.1587
37.8071
35.2102
30.3717
23.8161
20.3952
15.9595
7.29515
-5.94108
-22.5701
-38.1021
-49.643
-54.6656
-57.1631
-58.3251
-57.0717
-54.6027
-51.338
-44.7284
-36.0065
-26.864
-18.7648
-12.7849
-9.01169
-6.65492
-3.50413
0.754199
5.41646
8.84567
11.49
13.3927
16.0894
17.859
18.3827
17.3927
16.0096
16.0088
14.9648
14.3074
12.7647
10.6826
7.0238
4.97186
6.34055
4.92908
2.56622
0.103818
-2.81053
-5.58477
-6.89308
-8.26654
-13.0169
-11.069
-11.4885
-12.5282
-13.2985
-14.4526
-15.9532
-17.438
-19.8571
-20.5281
-21.1242
-20.2803
-20.5568
-21.4139
-22.7747
-23.5963
-23.9916
-24.6457
-24.9231
-25.1722
-25.4015
-25.6006
-25.7804
-25.9363
-26.0737
-26.1717
-26.2394
-26.2886
-26.2991
-26.1085
-25.789
-25.6921
-25.7493
-26.0039
14.5542
15.294
15.6408
15.8116
15.7691
15.6893
15.564
15.34
15.1975
15.1121
14.9556
14.8287
14.8253
14.8675
15.0027
15.1744
15.2736
15.1566
15.1628
15.2674
15.5796
16.0083
16.1485
15.7409
16.0175
20.0814
21.1734
19.3654
20.2538
25.9421
27.7722
26.2643
27.6058
29.3031
34.8441
33.5814
34.6836
35.6746
36.3697
36.6579
36.2225
31.9648
31.6883
29.4795
24.4691
14.3365
-0.220456
-18.2043
-36.1441
-50.3738
-57.231
-61.7876
-62.0846
-60.7543
-56.5025
-53.3254
-46.9345
-38.1275
-29.0208
-20.2853
-12.7318
-6.56732
-2.13519
1.00619
3.53414
6.77655
10.6591
13.2621
14.8187
16.364
17.8379
18.5025
17.5797
17.0393
16.9313
16.4815
14.7743
12.5582
10.4367
9.96606
7.72193
2.81833
4.28349
2.73622
0.644185
-1.62229
-4.47611
-9.73041
-11.406
-9.74619
-9.68051
-11.3946
-11.943
-12.5931
-13.838
-15.1359
-16.8843
-18.768
-19.7149
-19.7589
-19.9602
-20.6569
-21.6444
-22.4675
-22.8702
-23.5318
-24.679
-24.9577
-25.1864
-25.381
-25.5536
-25.6814
-25.7093
-25.9127
-26.131
-26.223
-26.2783
-26.2964
-26.2166
-26.0216
-25.794
-25.9341
-26.0426
14.4826
14.7812
15.1181
15.2982
15.4372
15.4569
15.4359
15.2107
15.1001
15.0089
14.8688
14.7645
14.7109
14.7716
15.1262
15.4051
15.343
15.2113
15.1628
15.1628
15.7201
16.4591
17.1252
17.691
18.6856
20.6619
22.419
23.1456
22.3091
22.8006
25.0141
30.1287
31.9925
33.3616
36.4411
37.7756
37.6899
37.3372
38.6823
38.246
35.8077
36.8908
36.1668
34.9089
30.5423
21.4549
6.7252
-14.0424
-35.1917
-51.7243
-67.1689
-73.5793
-74.5384
-70.7118
-62.9183
-54.6038
-49.2136
-40.2242
-28.2521
-18.0559
-10.4864
-5.94454
-2.58452
0.127029
3.18908
6.77969
9.62452
12.1045
14.5502
16.6253
17.568
18.612
18.3643
18.3966
18.5078
17.031
15.0321
13.4252
12.3163
11.1797
8.60808
5.54765
0.28943
1.50092
-0.435099
-2.28545
-7.85854
-8.98186
-7.40093
-8.07072
-9.81718
-11.1331
-12.9124
-13.4596
-14.6232
-15.7692
-17.0854
-18.1807
-18.703
-18.7548
-19.3371
-20.1006
-21.1692
-21.7192
-22.2229
-23.4906
-24.2108
-24.617
-25.0983
-25.343
-25.5262
-25.6756
-25.8186
-25.9955
-26.1156
-26.2122
-26.2734
-26.2919
-26.2195
-26.084
-25.9669
-25.9358
-26.1102
14.3668
14.5338
14.7081
14.8796
15.0418
15.1639
15.2019
15.2102
15.0686
14.9751
14.8069
14.6974
14.6526
14.672
14.8166
15.2195
15.3149
15.1599
15.1628
15.3142
15.5105
15.8052
16.4653
17.5473
18.6441
19.8148
22.4499
24.6487
25.904
27.0656
28.3907
30.941
33.9339
36.297
38.1826
39.966
40.2367
39.1773
39.9529
38.8294
37.0228
38.1772
38.5811
38.1447
36.3895
28.4864
13.2151
-9.08975
-33.7749
-53.173
-77.8297
-88.2198
-90.8954
-83.1726
-70.9947
-57.8249
-52.4066
-40.19
-27.2313
-16.008
-10.4879
-10.5398
-11.6108
-6.77377
-1.68725
2.33598
5.94035
9.75121
12.4735
14.7136
17.0851
18.939
19.6329
19.3408
19.1274
18.3821
16.8931
15.3621
13.5257
10.297
7.55996
3.69647
1.07774
-2.32318
-4.09263
-5.74121
-3.687
-4.23102
-5.67519
-7.76025
-9.07388
-10.5557
-12.5699
-14.226
-14.7213
-15.6556
-16.7323
-17.543
-18.2469
-18.7346
-19.0576
-19.8412
-20.7133
-21.2129
-22.1185
-22.9854
-23.5123
-24.2395
-25.1015
-25.3274
-25.5048
-25.6851
-25.8498
-25.987
-26.1068
-26.2039
-26.2699
-26.2911
-26.2245
-26.0698
-25.8073
-25.8759
-26.1958
14.5849
14.9334
15.0618
15.2198
15.2701
15.2717
15.2648
15.1733
15.0424
14.9325
14.7154
14.6661
14.6437
14.6453
14.7803
14.8632
15.001
15.4457
15.2166
15.1628
15.1628
15.1628
15.1628
15.2359
15.7251
17.9329
20.5915
23.2697
25.7958
27.8392
29.4753
31.3995
33.9249
36.2967
38.8946
40.537
40.9144
40.8625
40.1407
39.7711
38.852
37.5832
38.5666
40.0363
39.8855
33.9953
20.0039
-2.85706
-28.0526
-51.2435
-70.5813
-89.3413
-99.4071
-92.1488
-79.3691
-63.6098
-54.315
-42.3686
-28.1029
-21.242
-17.5166
-30.2231
-24.3516
-15.616
-7.0497
0.222677
7.04352
9.55003
12.1746
14.7994
17.5239
18.8824
20.132
20.1036
20.0378
19.5261
18.2894
16.4579
14.0786
10.998
6.56881
4.32503
2.12177
0.70368
-0.277585
-0.874979
-1.7357
-2.97197
-5.3574
-6.72063
-8.38566
-10.6983
-12.8406
-14.4609
-15.445
-15.9132
-16.1289
-17.1503
-18.1556
-19.647
-19.7176
-20.0832
-20.5904
-21.257
-21.9687
-22.7475
-23.555
-24.7409
-24.9637
-24.9905
-25.2394
-25.633
-25.8215
-25.9726
-26.0958
-26.2031
-26.2782
-26.2945
-26.1801
-25.9904
-25.8578
-26.042
-26.2878
14.8216
15.273
15.2512
15.1871
15.3304
15.3903
15.4074
15.323
15.0511
14.8313
14.6554
14.6387
14.6309
14.6026
14.6041
14.7388
15.3901
15.6886
15.8866
15.6521
15.5813
15.3587
15.9399
16.6683
16.0673
16.3087
19.1469
22.0046
24.846
26.0409
27.3158
29.6824
32.6038
35.5012
37.7021
39.6307
40.841
41.0376
40.7489
40.4273
39.5898
38.3102
39.6073
40.8772
42.202
38.3033
26.647
5.95393
-20.1857
-47.1397
-62.2664
-86.7795
-106.907
-101.285
-88.9402
-72.1585
-56.8127
-47.4301
-33.0134
-44.6827
-38.78
-12.6789
-6.27857
-13.8929
-9.5844
-2.38621
3.35547
8.42153
11.1861
15.7901
17.0045
18.2343
19.8854
20.4436
20.5553
19.9001
17.8543
15.3838
12.7546
9.86604
8.43231
6.40524
4.95937
4.09015
2.97803
1.49321
-0.304274
-2.77465
-4.28537
-5.9486
-8.45393
-10.786
-12.849
-14.2683
-15.5333
-16.4194
-16.3867
-17.1518
-18.9376
-19.9147
-20.6728
-20.47
-20.8125
-21.4121
-22.2599
-23.1831
-24.2867
-24.4681
-24.3892
-24.7623
-25.2896
-25.59
-25.7644
-25.8398
-26.0246
-26.1962
-26.3332
-26.2177
-25.8939
-25.6275
-25.7098
-25.8813
-26.3955
14.755
14.8212
14.9584
15.1939
15.2836
15.4408
15.4977
15.0534
14.7688
14.6792
14.6009
14.5702
14.528
14.5353
14.5985
14.6899
14.8456
15.2999
15.6098
16.0142
16.2431
16.4745
16.4598
17.6705
18.3285
18.9629
17.3837
21.4155
22.6859
23.4999
25.3286
28.3321
31.1946
34.2487
37.391
39.4913
40.4744
41.0523
41.2349
41.4498
41.1737
40.3935
39.0714
41.9025
43.4856
42.0018
33.6348
15.7736
-10.2365
-36.7382
-54.7775
-75.9919
-102.783
-103.96
-98.3155
-83.1749
-66.8889
-56.0009
-52.5227
-28.6297
-18.3333
-9.80795
-1.355
-0.801106
0.660859
-0.975394
2.56334
5.96995
12.7362
13.2592
15.615
18.7313
19.7186
20.6675
21.112
20.7167
18.7098
16.3455
13.5491
11.4872
10.148
8.48975
7.2974
5.4899
3.7966
1.95127
-0.265577
-2.05926
-3.46225
-5.59205
-8.07628
-10.6596
-12.4135
-13.7254
-14.6124
-15.3929
-17.1887
-17.2829
-18.8861
-18.6561
-19.4136
-21.3528
-21.3915
-21.9719
-23.2046
-23.7529
-23.8367
-24.0262
-24.3578
-24.7757
-24.8078
-24.9886
-25.2246
-25.4395
-25.92
-26.2398
-26.2953
-26.4093
-26.243
-26.2015
-26.1547
-26.3191
-26.6281
14.6574
15.1105
15.1513
14.9656
15.0254
15.1243
15.1309
14.8868
14.727
14.6442
14.5657
14.4763
14.4381
14.323
14.2228
14.2062
14.2062
14.2468
14.7843
15.6939
16.5709
17.147
17.2695
17.5415
18.622
19.7848
20.3177
18.45
20.3368
22.3875
25.0524
27.4255
30.3148
33.1728
35.9282
37.9369
39.7287
41.1528
41.7181
41.9647
41.7276
40.4984
40.8426
41.6914
43.4075
42.9776
37.6218
21.8724
0.348833
-26.6997
-50.9719
-63.2414
-92.2858
-103.289
-105.03
-95.9484
-81.1079
-56.8127
-45.8878
-33.7465
-19.8023
-9.43784
-2.37692
1.97489
4.29027
5.64152
8.07727
11.0808
10.463
15.69
16.8456
18.0263
19.9658
21.1227
21.8715
21.8677
20.724
18.2617
15.6571
12.8789
11.505
9.68544
7.21726
4.24777
2.2042
1.61098
-0.0538174
-1.87514
-3.98773
-5.98064
-7.57158
-9.75076
-11.4257
-12.7214
-13.9432
-16.2998
-16.8448
-18.0354
-17.4293
-18.1549
-19.7434
-21.3528
-22.0995
-22.6299
-22.9503
-23.1098
-23.3728
-23.7367
-23.9725
-24.4228
-24.4485
-24.7396
-25.1219
-25.444
-25.9168
-26.1857
-26.3294
-26.4044
-26.4777
-26.525
-26.5685
-26.6356
-26.83
14.7813
15.0583
15.2355
15.0887
15.0064
14.9912
14.9058
14.8046
14.7276
14.7258
14.664
14.5298
14.3565
14.2619
14.2062
14.3592
14.8504
15.0978
15.2036
15.5112
16.0091
16.6878
17.3685
17.8561
18.5134
19.7476
20.878
19.6125
20.4638
23.3047
26.1841
27.969
29.7566
32.057
34.3586
36.8894
39.6076
40.8819
41.4059
41.67
42.0848
41.6243
40.8335
41.3603
42.0945
42.4783
38.963
28.4503
9.74913
-16.2934
-39.8095
-54.836
-82.1181
-99.2168
-110.022
-105.127
-90.171
-65.262
-54.3377
-41.1293
-26.8844
-15.9379
-7.74336
-0.137933
5.96854
8.30418
10.5016
13.2761
14.8193
16.8579
19.6531
19.8741
20.5271
21.5672
22.6091
22.8756
21.2952
18.91
15.6362
13.9517
12.0784
9.39838
6.30101
4.16004
1.96066
-0.620784
-0.95759
-2.9748
-5.00419
-7.31547
-8.63864
-9.83608
-13.5138
-14.5398
-15.342
-15.4222
-16.6143
-16.8823
-17.3811
-18.795
-20.1913
-20.9762
-21.9799
-22.1741
-22.5216
-22.988
-23.3412
-23.5328
-23.9546
-24.1463
-24.3247
-24.7638
-25.2755
-25.5306
-25.8515
-26.1923
-26.3072
-26.393
-26.4685
-26.5532
-26.6477
-26.7585
-26.8646
14.8623
15.2032
15.3852
15.094
14.9234
14.8929
14.8098
14.849
14.8736
14.9057
14.7581
14.4873
14.347
14.1642
14.2519
14.7564
15.1992
15.443
15.4075
15.6352
15.7406
16.1277
16.724
17.8297
18.7803
20.0167
21.4917
22.1205
21.0046
24.3858
25.6805
28.1943
30.6504
32.471
34.9594
37.2328
38.028
39.146
39.7851
41.8447
42.4204
42.2099
41.3573
41.2301
41.6027
42.5984
41.1334
34.1677
18.3095
-3.70193
-27.876
-52.0363
-69.9129
-92.8537
-110.447
-111.923
-102.862
-76.7602
-56.6006
-50.5576
-37.429
-26.3478
-13.4414
-1.56154
5.12691
9.6911
12.3696
14.2643
15.7477
17.5381
19.6373
21.4409
21.8405
22.2877
22.9081
23.0373
20.7813
18.4654
17.1764
15.2725
12.8698
10.2203
8.33147
6.86345
4.21612
0.538307
-3.61055
-5.79813
-7.82052
-9.55656
-10.9292
-12.1263
-11.4077
-12.5674
-13.2707
-14.2902
-15.3637
-16.3799
-17.8947
-19.1033
-19.9393
-20.7765
-21.0145
-22.5593
-23.1481
-23.5603
-23.7627
-23.9808
-24.4038
-24.5934
-24.6949
-25.2628
-25.5001
-25.7282
-25.94
-26.024
-26.2392
-26.3641
-26.4534
-26.5242
-26.5305
-26.4694
-26.8807
14.6339
15.0369
15.0866
14.8733
14.7533
14.7554
14.7049
14.6124
14.4681
14.445
14.5468
14.4594
14.3182
14.0549
13.9552
13.9327
14.063
14.5156
15.5056
15.5328
15.3821
15.4715
15.942
16.6305
17.5321
18.8691
20.6056
22.2443
23.3263
22.2798
23.3066
26.8416
29.6579
32.7714
34.5917
35.29
33.1498
36.1035
37.9811
40.894
41.989
42.0105
41.8937
41.5945
41.7967
41.9942
41.809
36.7422
26.0269
7.72842
-14.2567
-39.1333
-55.409
-77.5244
-104.598
-114.343
-112.6
-89.143
-67.4426
-56.3421
-47.6798
-34.7907
-17.875
-4.48057
6.24878
9.90278
11.2388
12.3488
13.6704
16.9117
19.5815
21.9566
23.139
23.3782
23.6547
23.2554
21.5273
20.7269
19.0813
16.5209
13.5579
10.7268
9.85551
7.92605
4.97757
-0.457317
-2.82221
-4.96009
-6.66421
-6.21439
-7.66109
-8.92329
-9.94268
-11.041
-12.3164
-13.6176
-15.2925
-16.6459
-17.5047
-18.3705
-18.9351
-19.7108
-21.0072
-21.9216
-22.6718
-23.3454
-23.9953
-24.2996
-24.586
-24.8303
-25.0291
-24.9233
-24.9398
-25.1528
-25.6295
-25.8699
-25.9804
-26.1512
-26.3863
-26.374
-26.4405
-26.5637
-27.0361
14.3868
14.8791
14.7297
14.6581
14.7834
14.7481
14.5796
14.4874
14.53
14.4749
14.3111
14.4075
14.1769
13.9677
13.8664
13.8026
13.9196
14.8068
15.351
15.3619
15.0898
14.6951
15.0644
15.7813
16.9879
18.6488
20.1476
21.918
23.3171
24.3534
25.3245
24.8907
28.971
31.3362
32.5338
30.9512
36.2988
35.3993
38.79
39.2019
40.3373
41.0563
41.2865
41.4337
41.401
41.0588
40.8619
38.7284
31.9109
18.6257
-0.763589
-24.8103
-49.6456
-62.5321
-95.8641
-112.239
-117.708
-100.795
-80.2105
-60.4063
-54.7536
-39.5192
-21.8113
-4.99869
1.37861
2.61758
3.48844
6.08868
10.7979
14.9558
18.4943
21.0891
22.818
24.0421
24.7889
24.186
23.514
22.3327
20.647
17.8679
13.6676
11.5146
7.87824
5.05621
2.46241
0.871853
-0.405358
-2.29587
-3.53312
-5.46569
-7.7306
-9.57209
-11.2292
-12.6874
-12.8561
-14.0559
-15.0285
-15.9824
-17.0805
-17.5976
-18.2015
-19.2815
-20.4123
-21.2972
-22.1085
-22.9807
-23.6714
-24.2833
-24.5552
-24.6124
-24.4256
-24.2536
-24.2191
-24.7763
-25.363
-25.3977
-25.4457
-25.8881
-26.1371
-26.2906
-26.4242
-26.7698
-27.1083
14.3671
14.7509
14.6766
14.5579
14.6849
14.6862
14.5245
14.3416
14.3896
14.3121
14.0951
14.0397
13.9922
13.9526
13.8788
13.7761
13.8211
14.2858
14.6324
14.5766
14.3607
15.2681
15.7988
16.0847
16.768
17.9365
19.2519
20.1646
21.0993
23.0607
26.1474
27.4341
26.3041
27.4056
28.7222
34.265
37.4906
38.9984
37.5899
41.3087
42.1714
42.6609
42.4645
41.5512
40.5474
39.5209
39.4043
39.08
35.505
25.3884
9.35388
-14.0518
-35.6331
-56.5136
-79.9541
-103.13
-120.942
-111.683
-94.155
-73.6343
-57.8214
-47.3975
-26.1864
-12.3442
-17.7929
-16.6602
-6.86322
2.65103
9.69089
15.1198
17.918
20.0052
21.5711
23.4824
25.1103
24.9804
24.2634
23.2545
21.3553
17.2061
16.148
14.0726
11.0097
7.95434
5.4076
3.48984
1.38485
-0.938891
-3.6137
-5.83222
-7.49344
-9.15991
-10.6334
-11.6922
-14.2872
-14.9843
-15.797
-16.904
-17.8281
-18.603
-18.9721
-19.1757
-19.7392
-20.5046
-21.3285
-22.0897
-22.992
-23.6596
-24.2681
-24.195
-24.1048
-23.9932
-24.1005
-24.6919
-25.0805
-25.2143
-25.3608
-25.481
-25.6252
-26.037
-26.5395
-26.9262
-27.0077
14.35
14.5744
14.4469
14.7128
14.7484
14.6773
14.4915
14.1829
14.075
14.0064
13.9507
14.0052
14.0016
13.9517
13.8706
13.7319
13.7716
13.9518
14.0398
13.9793
15.3721
16.03
16.611
17.0765
17.1324
17.3206
18.0967
19.1652
21.5879
23.3556
24.9731
27.6806
28.5788
28.502
31.2361
33.9159
37.2858
39.8037
40.1409
39.3085
40.3806
42.5993
42.5339
41.3082
40.0503
39.1213
37.1348
37.225
35.5994
28.8424
14.0523
-9.08103
-45.0592
-53.7355
-64.2265
-91.6867
-121.432
-120.577
-109.252
-88.3948
-67.2432
-56.3667
-34.6708
-37.991
-32.0676
-3.66255
5.28063
7.87569
12.2421
14.7323
17.2914
19.4015
21.5671
23.0799
24.7294
25.3702
24.6176
23.2121
20.3501
19.755
18.0642
14.7761
11.4176
8.55047
6.19095
3.69989
1.39451
-0.79632
-2.5523
-3.37501
-5.12394
-7.4845
-9.5543
-11.6646
-13.3461
-15.8506
-16.1275
-17.4585
-18.9069
-19.5896
-20.1607
-19.6761
-19.6222
-20.3167
-21.0469
-21.7649
-22.6818
-23.5273
-23.9394
-23.9413
-24.0138
-23.82
-24.1425
-24.5166
-24.8666
-25.1403
-25.437
-25.582
-25.6962
-26.1072
-26.6635
-26.67
-26.9452
14.1641
14.2252
14.4868
14.6246
14.6036
14.2563
14.0473
14.0362
13.9352
13.8229
14.1202
14.1461
14.0679
13.9096
13.7884
13.6458
13.5415
13.5236
13.5875
14.2182
14.2895
14.694
16.127
16.6203
16.2816
16.8554
17.7667
19.7024
21.2294
23.4585
25.2347
26.343
27.854
29.8577
31.7565
34.2974
37.1913
39.774
41.0751
41.3617
41.7691
41.3558
42.3731
41.2832
39.8045
38.3966
35.607
32.2565
32.7615
25.1558
5.76136
-30.0548
-36.5068
-44.5914
-55.0649
-74.5992
-108.168
-119.793
-120.244
-103.8
-81.9466
-58.7162
-54.9225
-46.9192
-15.3507
0.175271
9.30509
11.6517
10.5794
13.9248
16.9735
19.2451
21.1327
22.9513
24.2898
25.627
25.3701
23.0692
22.1648
21.0102
18.7211
15.3159
12.0179
9.30662
6.55105
4.15911
1.90952
-0.0724133
-0.633484
-1.71937
-3.70975
-5.89538
-8.34935
-11.2039
-13.473
-15.0603
-17.4199
-18.1979
-18.6082
-18.5385
-19.0708
-20.8717
-21.4409
-21.3504
-22.6064
-22.9543
-23.263
-23.5496
-23.7691
-23.9405
-24.0088
-23.9176
-24.0103
-24.3785
-24.8617
-25.4183
-25.8352
-26.137
-26.3511
-26.5158
-26.3871
-26.3959
-27.0257
13.9617
14.2198
14.3404
14.3301
14.052
13.9601
13.9257
13.9464
13.7825
13.6624
13.7763
13.8455
14.0625
13.9699
13.8472
13.5236
13.5236
13.601
14.0584
14.6628
14.8443
15.2616
15.172
15.5914
16.7642
17.7565
18.8166
20.0571
22.3203
23.9971
25.1124
26.2846
27.7942
29.1136
31.0552
33.1471
35.4727
38.0526
40.8521
42.2738
42.6838
42.2855
41.4467
40.8088
39.7206
38.2092
35.8153
29.6206
20.6838
8.85275
-10.7275
6.22962
-7.07816
-25.8215
-47.7412
-58.8404
-93.7109
-114.228
-127.757
-118.846
-99.9293
-67.9936
-57.1946
-34.8678
-15.4891
-4.26824
-0.0418322
-2.33925
4.69179
12.1083
16.4993
19.5352
21.2809
23.2357
25.181
25.6427
25.0058
24.8258
23.8656
21.965
19.3792
16.8426
15.1394
12.5575
9.18088
5.2471
2.37696
-0.096611
-3.89869
-2.84028
-4.29109
-5.8102
-8.19351
-11.1694
-15.4607
-16.5281
-17.0587
-17.2619
-17.4815
-18.0259
-19.074
-19.328
-19.9023
-22.0352
-21.8235
-22.026
-22.6913
-23.3026
-23.6878
-24.0154
-24.2341
-24.269
-24.3926
-24.3909
-24.4489
-24.9887
-25.6717
-25.8962
-25.8257
-25.9261
-26.188
-26.6427
-27.0667
14.0067
14.1204
14.214
14.1156
14.0082
13.9323
13.9253
13.8862
13.5555
13.7392
13.9291
13.7339
13.5182
13.6333
13.4121
13.6179
13.5307
13.9411
14.7246
15.2009
15.3053
15.5308
15.8368
16.1815
16.7171
17.9051
19.033
20.6157
21.6558
22.0529
22.3849
23.4876
25.1095
27.2067
29.1751
31.274
33.3339
36.0316
39.1022
41.4421
42.4308
42.8216
42.2173
41.1379
40.1326
39.2499
36.3537
31.5554
19.8461
8.73267
22.2062
17.5971
6.00727
-13.5968
-35.9923
-54.2274
-74.6078
-102.615
-129.624
-126.617
-110.813
-80.6745
-59.4813
-44.6797
-26.1955
-28.0637
-24.0113
-10.7742
1.69724
9.93541
15.8279
19.378
21.8525
23.6179
25.2187
25.9378
25.804
25.5684
24.5901
22.7605
20.7384
18.7988
16.6564
13.8799
10.2968
6.63283
3.25559
-1.19649
-0.563824
-6.3367
-8.31389
-7.16286
-9.12283
-13.8227
-13.5903
-14.6504
-15.5485
-15.9196
-16.5784
-17.6151
-18.5699
-19.003
-19.5065
-20.4853
-21.6688
-21.8368
-22.2478
-23.0072
-23.7649
-23.8292
-23.8738
-24.521
-24.65
-24.6646
-24.7006
-25.1077
-25.3352
-25.3187
-25.527
-25.812
-26.3169
-26.7509
-27.0029
14.094
14.0802
14.1344
14.0724
13.9857
13.8953
13.7709
13.6173
13.4237
13.7436
13.6517
13.4308
13.2923
13.2029
13.2926
13.4007
13.7227
14.0331
14.5331
14.9517
15.1716
15.3007
15.3127
15.5948
16.3713
17.4886
19.3478
20.0285
19.9234
18.9129
19.206
20.4088
21.8684
24.7414
27.3979
29.3362
31.6367
34.5437
37.2396
39.3721
41.6442
42.4681
42.7284
41.6854
40.4718
38.8101
36.2575
31.5805
27.5264
24.6558
28.3753
24.9677
15.4541
-6.04245
-30.185
-50.5773
-58.68
-89.2687
-126.451
-130.17
-119.764
-93.9749
-70.9769
-57.7904
-50.3517
-42.7344
-19.0585
-8.79009
0.209643
9.43152
15.9588
18.9826
20.3909
22.5559
24.951
26.6418
26.5131
26.4261
26.1617
24.4733
21.741
19.0343
15.2755
12.1778
10.3284
7.64812
1.82581
3.16961
1.34085
-1.58159
-4.86202
-10.5096
-12.1913
-11.0872
-11.8599
-13.1138
-14.7143
-15.7265
-16.1602
-17.2027
-18.5955
-20.0359
-20.8308
-21.1389
-22.2145
-22.2206
-22.278
-23.1455
-23.6919
-23.7271
-23.8706
-24.2998
-24.8728
-24.8571
-24.8501
-24.8579
-24.9473
-25.3269
-25.5763
-25.9384
-26.2082
-26.6408
-27.0297
13.8886
14.1601
14.285
14.0758
13.9464
13.8256
13.6713
13.4645
13.2771
13.1949
13.2298
13.1033
12.9722
13.0959
13.3398
13.4614
13.6066
13.7492
13.8388
14.1856
14.33
14.4387
14.3995
15.2206
16.0433
17.5006
18.4981
18.4206
17.1428
17.7801
21.588
23.3198
24.5274
24.0617
25.7531
27.717
29.8792
32.3615
34.8717
37.4792
39.8121
40.9822
41.8551
42.2557
41.1149
39.6435
36.8051
34.9828
32.7446
32.4742
31.4092
29.0382
15.8387
-3.36763
-22.0538
-39.2667
-54.3051
-71.3263
-108.69
-121.979
-123.819
-106.021
-85.4079
-60.7085
-56.387
-39.9825
-28.2717
-12.5078
-0.728621
7.68448
12.5398
14.4313
17.5867
21.4681
23.9456
25.8214
26.7524
27.3666
27.0455
24.9433
22.3532
18.8303
15.7818
11.8693
7.05769
4.69196
5.93252
5.18988
3.40296
0.183582
-3.6393
-7.71406
-9.60049
-9.484
-10.4659
-12.8375
-14.5896
-15.9269
-16.9749
-17.5612
-19.27
-20.3841
-21.742
-22.2341
-22.5602
-22.8456
-22.9079
-23.4415
-23.3904
-23.4062
-23.6039
-24.2626
-24.7748
-25.2749
-24.9908
-25.0876
-25.4807
-25.9055
-26.2805
-26.3369
-26.344
-26.5308
-27.156
13.6734
14.0723
14.4385
14.466
14.1776
13.8398
13.6524
13.4717
13.2083
13.0074
12.8994
12.8238
12.7459
12.8437
12.7903
12.659
12.6102
12.6633
12.8662
13.2711
13.6144
13.5676
13.7229
14.4472
15.4584
16.472
16.9188
15.8739
16.4308
19.069
21.2516
23.7449
25.3927
26.0435
26.2046
27.4127
29.1607
31.3077
33.5417
35.8284
37.7885
39.7369
41.2533
42.0331
41.925
40.0288
37.8015
36.6299
34.8872
34.0818
32.8932
26.691
18.021
6.99064
-5.91829
-24.6539
-46.3166
-57.818
-89.2123
-109.642
-122.543
-117.095
-103.311
-73.0952
-59.6092
-49.8079
-34.0349
-17.5676
1.12642
11.1637
5.26843
13.5482
18.8035
20.8995
23.2732
25.1477
26.7332
27.468
26.9118
24.8104
22.1228
19.203
15.0207
10.6507
11.252
9.27375
8.15342
6.80197
3.76345
0.516505
-2.79104
-5.87517
-7.38351
-8.5411
-10.3701
-12.0828
-14.1153
-15.2825
-17.0879
-18.4182
-18.8923
-20.8225
-21.0332
-21.5969
-21.5882
-22.1219
-23.1186
-22.9486
-22.7431
-23.0368
-23.8203
-24.4075
-24.6654
-24.8263
-25.6932
-26.0283
-26.2977
-26.5159
-26.6962
-26.8449
-26.978
-27.1124
-27.259
13.7923
14.2981
14.7856
14.9485
14.7773
14.4933
14.0324
13.6195
13.4287
13.1033
12.763
12.6447
12.5644
12.5319
12.5426
12.5448
12.5386
12.585
12.6979
13.071
13.2635
13.1639
14.0521
14.7968
15.376
15.4773
14.9102
15.3453
17.2774
18.9572
20.7824
21.97
23.0396
24.9665
26.5374
28.2479
29.6658
30.863
32.5292
34.4497
36.553
38.536
40.3614
41.3879
41.7589
39.9968
38.7225
37.2864
35.3782
34.395
32.5308
30.3192
25.9592
18.2147
5.04415
-15.6716
-41.1606
-55.5533
-71.2686
-96.151
-120.068
-121.132
-116.2
-88.6565
-64.5578
-56.781
-41.3001
-19.8614
-3.32939
-11.6152
8.68244
18.6337
22.0365
23.6784
23.9617
25.1223
26.12
26.9131
26.8533
24.6998
22.2158
18.1097
14.6736
15.6641
14.2557
12.1664
9.92826
7.3779
4.248
0.70285
-2.16671
-4.24334
-5.87947
-7.9988
-10.1252
-12.082
-13.386
-15.3873
-16.8357
-18.5008
-19.759
-19.5208
-20.1005
-20.2019
-20.6589
-21.396
-22.3218
-22.7263
-22.6596
-23.046
-23.6823
-24.2816
-24.6005
-25.0327
-25.6167
-25.8569
-25.8166
-25.9088
-26.2591
-26.5678
-26.8445
-26.9767
-27.2051
13.9279
14.6535
14.9577
14.7716
14.6109
14.669
14.3925
13.7661
13.1079
12.9108
12.7167
12.5236
12.4328
12.4089
12.4671
12.4919
12.4823
12.4847
12.5361
12.6026
12.6847
13.0532
14.0889
14.9265
15.0458
14.1405
14.58
15.1507
15.9949
17.9173
18.7999
19.7875
21.4707
23.3053
25.2016
27.0003
28.4279
30.3627
32.2931
34.2961
36.4501
38.4917
39.838
41.5919
41.63
40.3941
39.0806
37.1697
36.0593
35.0678
33.5712
32.3794
28.3609
20.0462
3.71075
-22.0611
-40.0585
-52.2244
-56.8128
-81.6816
-111.637
-121.567
-124.771
-104.396
-81.875
-61.7468
-50.7029
-41.8996
-34.176
-2.62367
12.8706
21.1362
24.8114
25.1653
25.6718
26.8393
27.0454
27.3339
26.5824
25.4794
21.2377
18.9713
18.5347
18.1782
16.5788
13.7647
10.7775
7.71459
4.63911
1.99931
-0.1509
-2.22592
-4.39313
-7.06095
-9.5201
-11.7107
-13.6417
-14.9297
-16.8189
-18.0266
-18.5216
-18.96
-19.4918
-19.9583
-20.8364
-21.6874
-22.6568
-23.3368
-23.4524
-23.4729
-23.8928
-24.3341
-24.7605
-25.1387
-25.2429
-25.286
-25.4853
-25.7723
-26.211
-26.6137
-26.8742
-26.9357
-27.1739
13.578
14.2594
14.6928
14.3806
14.0355
13.8338
13.733
13.3183
13.0244
12.8415
12.6444
12.4196
12.2911
12.2532
12.2903
12.2862
12.3023
12.354
12.4342
12.5107
12.7128
13.0664
13.3366
14.2532
13.637
15.209
15.9195
16.2958
16.3033
16.7122
17.8303
19.707
21.463
23.1812
24.5803
26.3368
29.1538
31.4832
33.2419
34.4789
35.6398
37.2173
39.3543
40.7758
41.258
40.4693
39.3337
37.7023
36.4012
34.6359
32.9562
30.7307
25.7393
14.0627
-2.71342
-16.4766
-25.4531
-37.171
-54.2076
-62.9872
-92.5886
-111.367
-126.024
-117.907
-98.32
-70.1183
-60.1075
-52.8202
-23.8
-3.59395
13.4086
21.618
24.9005
25.5867
26.0574
26.7733
27.5857
27.8033
26.5371
24.4473
23.5718
22.8511
21.3475
20.2151
17.4589
13.8023
10.6895
8.10834
5.88831
3.40392
0.714263
-1.95503
-4.4486
-6.59792
-8.90356
-11.2524
-13.4935
-15.164
-16.1857
-16.8112
-17.5268
-18.2159
-19.1495
-20.4085
-21.4042
-22.2511
-22.9346
-23.4014
-23.666
-23.8646
-24.1373
-24.4303
-24.668
-24.7029
-24.5987
-24.9195
-25.2701
-25.663
-26.2102
-26.6987
-26.9791
-27.1426
-27.3125
13.193
13.9202
14.4293
14.2045
13.7081
13.4583
13.3058
13.173
13.1967
12.9094
12.5716
12.327
12.1974
12.1304
12.1115
12.1723
12.308
12.7033
12.8625
12.7296
12.6968
13.0349
13.3004
13.1559
14.5861
15.6632
16.9269
17.3941
17.607
18.2131
18.7286
19.7033
21.4451
22.9863
25.2171
27.3348
28.9257
30.4365
31.2977
32.4434
34.453
36.8108
38.3699
39.4133
40.1416
39.6026
39.4265
38.4469
36.6426
34.2397
31.5668
28.1764
22.5518
14.5742
6.87421
5.71922
-6.25704
-27.4495
-44.5455
-56.752
-78.0654
-101.289
-123.694
-127.429
-118.703
-88.904
-63.7128
-56.2426
-29.8211
-6.5085
8.47273
16.317
19.3455
23.0602
26.0177
27.2966
27.6814
27.8371
27.0672
26.3892
26.1412
24.8985
23.4941
20.577
16.6953
13.1487
8.73156
5.73235
3.34732
2.56178
0.527184
-2.89503
-5.40538
-7.78417
-10.6722
-12.6109
-13.6657
-14.7132
-15.829
-16.5598
-17.0139
-17.755
-19.0456
-19.9724
-20.6062
-21.1137
-21.9468
-22.9248
-23.3318
-23.7583
-23.9567
-24.0181
-24.4098
-24.5188
-24.3832
-24.5544
-24.885
-25.3298
-26.1754
-26.6859
-27.0234
-27.2411
-27.3958
13.3695
13.9287
14.0868
14.0849
13.8497
13.5394
13.1812
13.0087
12.9748
12.8368
12.5107
12.2344
12.1357
12.0852
12.1189
12.2294
12.4979
12.6641
12.7754
12.7398
12.7532
12.9171
12.7953
13.5942
14.7909
16.0393
16.9803
17.5836
18.2603
19.0189
20.2587
21.048
21.7978
23.5219
24.5076
25.6502
26.8798
27.7636
28.9638
31.2538
33.0602
35.0232
36.353
37.5583
38.0762
39.026
39.3897
38.979
37.306
35.3336
32.7365
29.2434
25.3541
22.1206
19.122
11.3641
-5.36821
-22.4236
-38.3643
-54.8296
-59.6467
-82.8601
-111.842
-125.171
-127.686
-103.534
-78.4104
-59.7354
-39.1048
-19.9114
-5.70266
2.98928
12.3481
21.7578
27.1686
28.425
28.9475
28.8358
28.2632
28.4789
27.5087
25.9601
23.2569
19.6208
16.0199
12.1756
9.61062
7.39611
4.47369
0.172476
-1.7946
-3.61279
-7.92731
-9.63359
-11.9466
-13.6493
-15.0735
-14.7204
-15.553
-17.4552
-17.7847
-18.2962
-19.4697
-20.7509
-21.2189
-21.4635
-21.8528
-22.3066
-23.1622
-23.576
-23.5168
-23.8055
-24.0599
-24.1674
-24.1287
-24.1964
-24.764
-25.4207
-25.7682
-26.2649
-26.8214
-27.0719
-27.3002
13.5367
13.7077
13.8756
13.7402
13.6145
13.4258
13.1172
12.8275
12.7137
12.6872
12.4973
12.1399
12.0816
12.1244
12.1276
12.2839
12.4412
12.5941
12.763
12.4899
12.5673
12.5058
12.5723
13.0549
13.9595
15.0004
15.8722
16.9287
17.7628
18.9554
19.6344
20.1642
21.0934
22.2594
22.0171
23.1602
24.5177
25.977
28.3171
29.793
32.4892
33.3436
34.5624
35.7388
37.8086
39.2449
38.8439
37.7417
36.8913
35.2212
33.0054
30.8016
27.5989
23.9492
18.7922
9.14549
-2.82048
-17.0316
-35.9319
-50.1569
-56.5298
-67.7235
-97.6923
-118.482
-131.459
-119.381
-98.8548
-63.9379
-54.2078
-38.3459
-23.1732
-7.38979
12.5658
23.4881
28.6854
30.3679
30.5998
30.3973
29.8776
29.7631
28.418
26.2159
23.5
20.3273
17.1066
14.138
12.9075
9.78538
5.66549
1.191
-2.57383
-5.29203
-6.93775
-10.1202
-10.1125
-14.1125
-16.2166
-17.2698
-16.9093
-18.4945
-19.2041
-19.7426
-20.3416
-21.1088
-21.4758
-21.7794
-22.0924
-22.5164
-23.0115
-23.1453
-23.1262
-23.4263
-23.5641
-23.4316
-23.4077
-23.9276
-24.557
-24.8452
-25.4068
-26.1055
-26.5175
-26.8314
-27.1618
13.0821
13.3638
13.5671
13.3586
13.2643
13.1856
12.9606
12.6643
12.5029
12.3508
12.2069
12.1156
12.0531
12.064
12.3161
12.3176
12.2534
12.1931
12.2181
12.2064
12.1638
12.2097
12.4815
12.9965
13.6963
14.2227
14.7733
15.1775
15.9505
16.6486
17.5578
17.3513
17.7491
18.4736
20.1236
22.1683
24.1378
26.3168
27.1993
29.338
30.1322
31.9064
33.6175
35.8624
37.7852
38.2224
37.3397
36.8001
36.0503
35.1424
33.3223
30.1595
26.8361
23.162
18.1845
11.4916
2.11017
-17.215
-32.74
-39.3941
-47.8275
-58.6168
-83.2606
-108.381
-126.77
-127.881
-116.382
-76.3934
-60.6532
-49.3982
-32.9951
-8.41195
10.2734
22.8081
29.398
31.5489
31.8402
31.7445
31.1166
29.7819
27.9911
26.1617
23.9806
21.5948
18.4151
16.4336
13.7137
9.69232
5.21612
2.11042
-0.013015
-1.85012
-4.2356
-7.80983
-12.7988
-14.9847
-16.4998
-17.7133
-18.6417
-19.3037
-19.8575
-20.3244
-20.735
-21.0169
-21.3469
-21.7592
-22.0892
-22.4416
-22.6992
-22.6688
-22.7635
-23.0484
-23.0911
-22.965
-23.0892
-23.6471
-24.2285
-24.7028
-25.2785
-25.7952
-26.1349
-26.47
-27.0681
12.5511
13.1601
13.4123
13.0551
12.8806
12.9693
12.8357
12.5044
12.4248
12.3084
12.1877
12.0961
12.0233
12.0675
12.2079
12.1566
12.0927
12.2683
12.2748
12.1122
12.1078
12.1987
12.2439
12.5353
12.9984
13.2304
13.7236
13.4098
13.1878
13.6738
14.39
15.3364
16.9299
21.7489
23.304
23.2439
23.8037
24.8154
26.2675
27.6601
30.4918
32.0904
33.8446
35.4242
36.8883
36.7202
37.1653
36.2578
35.6939
35.054
32.6649
29.6868
26.452
22.8355
18.3079
11.7915
-1.1005
-12.3424
-4.88272
-17.4744
-33.6685
-55.6675
-69.9493
-94.0775
-118.315
-132.208
-133.056
-93.5265
-64.5817
-56.6182
-33.5065
-10.2165
10.608
23.2123
29.1372
31.3312
31.8688
31.7453
30.9043
29.9729
28.8443
27.1555
24.9256
22.0047
19.7345
16.7478
12.8549
9.20965
6.52621
4.3799
1.72757
-1.4096
-5.09693
-9.31659
-12.1392
-13.894
-13.8253
-15.4204
-16.9272
-17.9448
-18.8235
-19.1901
-19.4075
-20.0245
-20.758
-21.391
-21.8989
-22.2184
-22.4781
-22.6355
-22.7818
-22.9115
-23.089
-23.0972
-23.4431
-23.8518
-24.0666
-24.5017
-25.1331
-25.7181
-26.0929
-26.435
-26.9395
12.5637
13.2654
13.311
12.9825
12.6207
12.4608
12.5034
12.6475
12.5134
12.3479
12.2038
12.0742
11.9523
12.0309
12.0693
11.9926
12.0554
12.149
12.1616
11.8678
11.7816
11.752
11.9542
12.4116
12.2617
12.503
12.2761
12.3302
13.166
13.9727
14.9244
16.4048
20.0429
22.2261
23.3296
22.2171
23.2991
24.7016
26.0533
28.0599
30.0576
32.2898
33.6194
34.4873
35.2213
36.158
35.634
35.4284
35.5409
34.1415
32.4885
29.1859
25.6274
22.1541
17.8354
11.092
4.60993
8.62076
4.32976
-7.41917
-25.7201
-46.2237
-59.3743
-80.0396
-109.025
-129.322
-139.111
-107.383
-77.1314
-59.9106
-40.816
-16.9649
4.55182
17.8354
26.0969
30.4917
32.4386
32.1877
30.7571
30.145
28.8754
27.9703
25.3254
23.2099
20.633
17.0845
13.737
10.9905
8.60443
5.21979
1.64174
-2.15943
-6.04084
-8.63475
-10.3904
-11.0213
-12.1035
-13.6168
-15.0077
-16.3108
-17.3237
-17.7424
-18.4146
-19.7248
-21.1076
-21.6255
-21.9161
-22.1848
-22.4259
-22.6079
-22.7586
-22.889
-23.0132
-23.4854
-23.8117
-23.9958
-24.2364
-24.4455
-24.8994
-25.4972
-26.1374
-26.5046
-26.736
12.6079
12.7488
12.6743
12.4403
12.3615
13.1146
13.0549
12.6938
12.5545
12.446
12.3081
12.052
11.8143
11.8196
11.8353
11.8712
11.8345
11.7688
11.7251
11.6919
11.6819
11.7158
11.8466
11.7935
11.7771
11.7554
11.9032
12.7173
13.8305
15.4827
16.5727
18.3271
19.331
21.1836
19.8633
21.5176
23.8111
24.7964
26.0209
27.8627
29.2546
30.2639
31.6931
33.1844
34.2534
34.3493
34.5942
34.4902
34.3686
33.2324
31.3187
28.4558
25.2428
22.4103
19.0246
15.6817
15.1872
13.5779
9.24169
-0.85065
-15.9945
-35.2494
-56.494
-66.2192
-98.6681
-122.428
-140.237
-120.142
-93.0827
-65.2971
-51.9345
-30.0309
-8.95545
7.80682
21.6209
30.5865
32.7948
32.1775
30.6957
29.3528
28.5906
27.5494
26.3631
24.3928
21.7836
19.0822
16.5669
13.5454
9.65677
6.05334
2.2322
-1.73138
-4.47276
-6.32047
-7.82023
-9.29707
-10.8673
-12.8737
-14.8929
-16.186
-17.0529
-17.6995
-18.9286
-20.3734
-21.3085
-21.6293
-21.9058
-22.1719
-22.4064
-22.5998
-22.7732
-22.887
-22.9565
-23.3132
-23.7624
-24.1545
-24.198
-24.7583
-25.1961
-25.7872
-26.2327
-26.4619
-26.5684
12.2407
12.2516
12.1928
12.1826
12.7096
13.1369
13.2035
13.1319
12.823
12.5062
12.122
11.8065
11.6937
11.6848
11.709
11.7248
11.7242
11.7218
11.7081
11.6672
11.6155
11.5661
11.5011
11.367
11.3205
11.466
12.4758
13.2324
13.9012
15.0158
16.6444
18.1831
19.5981
18.3012
18.2378
21.9604
23.0637
22.5422
24.946
26.1547
27.4244
28.4296
30.6764
31.6956
32.7847
32.6068
33.374
33.6869
33.6022
33.2442
30.7741
28.619
26.3508
22.9233
20.0047
18.38
15.8066
13.981
10.3447
2.95985
-10.889
-29.016
-55.0306
-59.9301
-79.9614
-106.617
-133.14
-128.953
-109.391
-75.7362
-59.9512
-43.4925
-22.9871
-0.815004
20.1582
30.3813
33.8878
32.8729
31.1229
29.1707
27.8297
27.3375
26.2883
24.0166
22.5536
20.3426
17.112
13.6994
10.1956
6.32315
2.85703
0.20682
-1.75274
-4.01029
-6.43344
-8.60664
-11.2263
-13.8291
-16.1538
-17.4318
-17.8556
-18.6236
-19.6894
-20.8963
-21.2686
-21.6182
-21.8983
-22.1618
-22.4075
-22.5983
-22.7365
-23.0176
-23.1608
-23.3143
-23.7693
-24.2641
-24.7378
-25.1264
-25.5429
-25.9552
-26.2322
-26.3648
-26.4855
11.8565
11.9408
12.0231
12.3099
12.5811
12.8495
12.937
12.8008
12.581
12.1212
11.7236
11.7071
11.6921
11.6848
11.6848
11.7331
11.8456
12.0312
12.0483
11.8709
11.8701
11.5923
11.2387
11.0484
11.1214
11.2211
11.4229
11.9678
13.3607
15.0937
17.0951
18.0956
18.1097
16.3651
20.3021
19.2149
20.2406
23.0169
23.3906
25.3679
26.4164
28.1964
29.0036
29.9533
30.7564
32.4011
33.2807
32.7121
33.5349
32.9998
31.3888
28.8079
25.9934
23.1187
19.092
15.8799
13.113
9.68746
5.763
-1.02363
-10.2976
-43.2908
-48.9763
-56.6285
-63.8128
-90.0231
-122.092
-129.69
-123.973
-90.6876
-66.0699
-54.8941
-32.8162
-7.2763
13.8516
28.3608
34.548
34.0937
31.2934
29.0983
27.4343
26.3252
24.5456
22.4998
20.2516
18.0086
14.826
11.5433
8.53072
6.14214
4.1188
2.04165
-0.598554
-3.9025
-6.87802
-9.60687
-12.2999
-15.3154
-16.9663
-18.1178
-19.0684
-19.7729
-20.3234
-20.5037
-20.857
-21.5465
-21.8899
-22.1724
-22.4233
-22.652
-22.8796
-23.1291
-23.2544
-23.3893
-23.7165
-24.0866
-24.6243
-25.1951
-25.6153
-25.8968
-26.1067
-26.1707
-26.4739
11.9362
12.0839
12.3406
12.6969
12.9598
12.985
12.8384
12.3991
12.0271
11.7386
11.8014
11.7359
11.6848
11.7251
11.7743
11.7603
11.8016
12.0463
12.1207
11.7755
11.6799
11.4275
10.9507
11.3152
11.5763
11.9273
11.6367
11.6374
11.9377
14.6634
15.8079
14.0912
14.9099
18.9962
18.5224
21.7821
21.5076
22.0774
24.0302
24.8387
26.5544
27.5218
28.7644
29.7751
31.5139
31.2772
31.5868
32.135
32.5396
31.9194
30.8103
28.7796
26.128
22.6005
19.2688
14.7824
9.24513
2.58218
-4.74545
-18.8005
-28.7764
-16.5384
-28.1474
-44.3737
-58.7157
-75.1516
-104.577
-120.413
-126.298
-103.782
-77.8811
-60.7648
-41.9054
-18.0007
7.15918
25.6849
35.1206
35.5835
33.0462
29.7553
26.8494
26.4508
25.6576
23.1816
20.3691
16.9759
14.0003
10.6936
7.48912
4.38371
2.16973
0.432618
-1.96128
-4.65496
-8.08529
-10.8861
-13.4846
-14.8102
-14.9044
-16.4617
-18.0972
-19.0863
-19.54
-20.1918
-20.9124
-21.4004
-21.9129
-22.1817
-22.4335
-22.6558
-22.8686
-23.0658
-23.4293
-23.3397
-23.4018
-23.7012
-24.2468
-24.8975
-25.4769
-25.9069
-26.1575
-26.2853
-26.426
12.034
12.1764
12.335
12.4003
12.4549
12.5723
12.4224
12.2151
11.6716
11.9723
11.9974
11.788
11.5735
11.5797
11.8341
11.9689
11.927
11.8901
11.5219
11.2271
11.0219
10.8463
10.9505
11.1765
11.8682
12.2388
12.5728
12.8651
13.6285
12.5503
13.1473
16.3392
17.3444
17.7148
20.861
22.5639
23.5493
24.0553
25.1636
25.8749
26.1939
26.9209
27.9807
29.3065
30.0447
30.8845
31.4972
31.8308
31.1205
31.0971
30.0445
28.4869
26.5005
23.2996
19.3182
15.1591
9.81976
3.90038
-5.4957
-1.49446
-4.02355
-7.53098
-19.1469
-38.9596
-55.2418
-63.2001
-89.6484
-110.163
-125.383
-114.543
-95.8565
-66.9066
-52.7887
-27.6714
-0.717042
20.0354
32.5264
35.7567
33.5032
29.9699
27.2562
24.744
24.8364
23.8152
21.4905
18.8765
15.3083
12.1664
8.89857
4.97869
0.527824
-2.62547
-5.04702
-7.24631
-9.2942
-11.005
-12.248
-12.0719
-13.2912
-15.466
-17.4941
-18.7805
-19.6038
-20.6641
-21.3146
-21.6336
-21.879
-22.1333
-22.3654
-22.6655
-22.8337
-22.881
-23.1361
-23.7838
-23.4957
-23.4462
-23.8498
-24.2607
-24.8048
-25.4868
-26.0407
-26.2812
-26.3985
11.8241
12.1356
12.2171
12.0118
11.9227
11.9045
11.971
11.5538
11.5226
11.5106
11.4536
11.3286
11.2519
11.2923
11.418
11.3905
11.3788
11.3829
11.0905
10.8911
10.8166
10.8235
10.8557
10.9447
11.3972
11.9171
12.1954
12.8835
13.8284
14.1629
14.2711
15.1801
15.5352
18.5776
20.3246
20.8042
21.4698
22.8086
23.245
23.8862
24.7283
25.4305
27.358
28.9244
30.483
31.0281
30.4835
29.7184
29.8851
29.9387
28.966
27.4587
25.0813
22.1148
18.8603
15.7644
13.5332
9.7193
7.19362
5.49285
2.10775
-6.34239
-19.5841
-34.2234
-47.7864
-59.3681
-72.0078
-94.0018
-115.843
-114.044
-102.11
-75.6552
-60.1171
-39.6798
-14.0669
9.24988
26.1585
33.6622
34.0504
31.062
28.0331
25.6723
22.5868
22.4319
21.6713
20.2682
17.3697
13.4556
9.71547
6.13757
3.23162
0.149129
-3.97317
-6.50999
-8.49951
-10.2374
-11.4451
-12.0372
-13.2324
-14.9883
-17.1642
-19.2436
-20.4016
-20.9855
-21.3173
-21.6059
-21.8158
-22.2052
-22.5123
-22.7792
-23.0411
-23.2252
-23.9054
-24.1011
-23.768
-23.895
-24.299
-24.675
-24.8782
-25.3443
-25.9555
-26.3587
-26.5736
11.634
12.0773
11.9911
11.9174
11.8656
11.8311
11.7215
11.3898
11.1651
11.1922
11.2777
11.2632
11.246
11.2313
11.2313
11.2393
11.1054
10.9505
10.8506
10.8209
10.8166
10.8166
10.8166
10.8166
10.8166
10.8166
11.114
11.7811
12.4199
11.4527
11.4855
11.8138
12.5056
17.4145
18.0493
15.6969
19.1819
20.1917
20.4684
21.28
22.6496
26.6977
28.3168
29.296
29.5145
29.5436
28.3917
28.8486
29.9447
29.3431
28.294
26.5549
24.1732
21.0457
18.6476
16.687
14.2108
11.3162
8.69677
5.44651
0.346189
-6.6822
-15.4894
-26.772
-40.1732
-55.2876
-63.0136
-81.1379
-105.711
-109.078
-104.672
-86.746
-66.7028
-50.5623
-26.4562
-1.71165
18.7139
30.8376
33.8107
30.8928
27.5124
25.5174
23.4729
20.4649
18.747
19.4679
17.6851
14.8996
11.3893
7.89856
4.60253
1.06562
-1.8192
-3.86534
-6.72446
-9.48178
-12.1501
-14.1681
-15.4315
-16.009
-17.6353
-19.9033
-20.5768
-20.9632
-21.2575
-21.566
-21.9323
-22.2237
-22.5085
-22.8284
-23.1604
-23.4925
-23.5343
-24.3052
-24.4473
-24.2792
-24.4682
-25.0734
-25.4874
-25.7403
-26.1145
-26.4601
-26.7607
11.8796
12.0967
12.0083
11.9397
11.8235
11.787
11.7256
11.4414
10.9466
11.4509
11.5337
11.4031
11.3446
11.3468
11.2615
11.0813
10.9021
10.8412
10.8632
10.9132
10.9324
10.8552
10.8166
10.8166
10.8166
10.8697
10.8234
10.8749
10.9098
11.0903
11.9195
14.7086
15.8406
13.5561
14.3703
18.2092
16.8248
17.7068
18.8764
20.3209
23.9027
25.5574
27.2053
27.6147
26.4638
27.1823
28.3306
29.5807
29.2092
28.9651
28.3842
26.1628
23.8017
21.4036
18.4356
15.3702
12.7198
9.41675
5.99013
3.62195
1.36295
-4.07421
-12.1987
-23.2764
-36.8383
-49.8537
-59.8649
-72.0259
-91.3944
-100.417
-102.378
-89.3826
-70.6184
-57.0566
-35.5631
-9.81074
12.9046
25.9893
30.8492
29.4783
26.0313
24.6667
23.5047
21.9357
20.2469
16.2964
17.2391
15.7277
13.0123
9.25713
5.77614
2.77428
0.347914
-2.53766
-5.37989
-8.21547
-11.1631
-13.7115
-16.0129
-17.6591
-18.7934
-18.893
-19.837
-20.7387
-21.2065
-21.5093
-21.7147
-21.8789
-22.1698
-22.6273
-22.9967
-23.1771
-23.3062
-23.8195
-24.7516
-24.3829
-24.4143
-24.8487
-25.6521
-26.0999
-26.373
-26.5625
-26.7808
12.1285
12.0825
12.2266
11.9885
11.803
11.4588
11.158
10.7672
10.8612
11.345
11.4222
11.2831
11.1691
11.161
11.2063
10.8208
10.7937
10.8844
10.9305
10.9334
10.8861
10.8617
10.8166
10.8257
11.1445
11.4831
11.4366
11.155
11.4916
12.881
14.3218
16.0475
17.3389
17.2739
17.5105
19.4289
20.0244
18.5258
19.0798
19.974
21.0273
22.5919
23.9396
24.9252
27.7421
28.2569
29.0135
29.5941
29.0669
28.1303
27.7777
27.1333
25.0613
22.7412
19.2151
14.9428
10.5251
6.86973
1.98491
-1.7057
-1.43634
-4.36904
-10.6876
-20.9907
-32.9187
-46.2332
-56.7036
-64.2011
-78.6874
-90.636
-97.0581
-90.4442
-75.0917
-60.3475
-42.6814
-18.1699
5.03555
18.8176
26.0288
27.0852
25.0331
23.0308
22.3188
21.5451
19.3884
16.7014
12.8465
13.9542
12.4922
10.3196
7.55819
4.55343
1.63801
-1.38677
-4.46008
-7.16197
-9.43426
-11.3276
-13.334
-15.3159
-16.6863
-18.0213
-19.4749
-20.7964
-21.1177
-21.3605
-21.5163
-21.633
-22.2693
-22.912
-23.0483
-23.1383
-23.3336
-23.6338
-24.1835
-25.1605
-24.8941
-25.0869
-25.6032
-26.3835
-26.5624
-26.6998
-26.7758
11.9372
12.1495
12.0766
11.7121
11.4915
11.1681
10.7065
10.5371
10.9004
11.2107
11.0974
10.8334
10.7152
10.7249
10.7249
10.7407
10.8298
10.8768
10.877
10.8488
10.7826
10.7416
10.7168
10.6822
10.7312
11.4004
11.9953
11.9814
12.7169
13.9601
15.3658
16.6666
18.2478
19.3075
19.5027
19.9793
20.8696
20.8308
21.3724
21.5452
23.2831
23.2328
24.2116
25.8034
27.4017
27.9616
28.4488
27.9367
27.2736
27.3449
27.12
26.2686
25.7108
23.1888
19.2924
14.5002
9.74561
4.83311
-0.298331
-5.7927
-9.99185
-9.45696
-11.7069
-20.3478
-31.6418
-43.6665
-54.7736
-61.8361
-70.324
-77.7158
-81.4448
-76.667
-67.8444
-58.1296
-43.5687
-22.8444
-3.06592
11.5123
20.1704
23.0179
21.657
21.632
20.8207
20.0178
18.7786
16.4726
13.8036
8.72273
7.56382
8.42532
7.24447
4.90383
1.19291
-2.32953
-5.51501
-8.35518
-10.1789
-11.3928
-13.2023
-15.3172
-17.0879
-18.3912
-20.1959
-20.3622
-20.4392
-20.7548
-21.2637
-21.748
-22.617
-23.1835
-23.3991
-23.3305
-23.3696
-23.922
-24.4611
-24.8658
-25.5629
-25.4705
-26.1246
-26.0715
-26.3134
-26.5634
-26.8755
11.7586
11.8768
11.8738
11.569
11.0906
10.771
10.4562
10.3752
10.5182
10.8821
10.5737
10.6418
11.1786
11.2392
10.921
10.7991
10.7803
10.8175
10.8381
10.7587
10.6711
10.6043
10.5598
10.5479
10.6674
11.2734
12.1862
12.4372
12.6434
13.7575
15.0658
16.8467
18.6264
19.3093
18.8985
18.9343
19.5886
20.7849
21.4539
22.1773
23.1305
24.8122
26.1005
26.4494
26.9023
27.1915
26.9171
26.2583
26.1146
26.527
25.7064
25.5523
25.0768
22.294
17.7773
13.9433
10.063
6.18687
4.02504
-0.163089
-11.7135
-19.6077
-17.3025
-21.057
-30.0191
-41.5027
-51.7985
-59.13
-64.571
-67.6248
-68.5884
-67.0543
-62.7587
-55.6923
-42.191
-25.8051
-9.5268
3.64051
13.0807
17.3083
18.8556
19.3833
19.6844
18.928
18.2935
16.5846
12.3421
12.0791
4.80392
2.83824
4.68691
3.74237
1.18103
-2.63205
-6.18543
-9.25093
-12.254
-13.3439
-14.9754
-18.3377
-19.1104
-19.6353
-19.3796
-19.7545
-20.3715
-21.0813
-21.3502
-21.9119
-22.6151
-23.0914
-23.6309
-23.9033
-23.8818
-24.6169
-25.0124
-25.3579
-25.607
-25.8909
-25.7193
-25.9828
-26.3533
-26.6575
-26.9558
11.921
12.0847
12.0841
11.6961
11.1377
10.5678
10.2882
10.3272
10.3695
10.4263
10.6147
10.9117
11.4208
11.5291
11.2487
10.9651
10.9934
10.9797
10.8235
10.7266
10.6324
10.5732
10.5521
10.5236
10.5522
11.1508
11.4195
11.2725
12.6021
13.3337
13.4131
15.8449
17.2418
17.5268
16.5356
17.2487
18.1739
19.474
20.7179
22.8429
23.8646
25.0798
26.9255
27.6933
27.3376
26.8246
25.11
25.274
25.274
25.274
25.3099
25.3902
24.3195
21.404
18.9363
15.8532
11.4967
6.47744
1.61819
-0.362685
-5.29559
-16.8113
-29.5516
-26.1197
-31.0758
-39.6977
-49.938
-58.3303
-62.348
-64.6116
-65.6291
-64.2065
-60.3888
-53.6369
-42.7301
-29.2114
-15.5537
-3.16806
6.8644
12.6087
14.743
17.2497
19.0688
19.0033
17.1104
15.2739
14.545
9.46022
8.32613
1.31425
-0.949473
0.814299
-0.0482839
-2.58493
-5.42656
-8.52779
-11.6912
-16.1598
-17.2943
-16.6297
-17.4561
-18.0685
-18.2082
-19.088
-20.1733
-21.1318
-22.0011
-22.2881
-22.6661
-23.462
-23.703
-23.8668
-24.2323
-24.1319
-24.2781
-24.5618
-24.7932
-25.0833
-25.4521
-25.9101
-26.3696
-26.5996
-26.9286
12.0272
12.6243
12.3494
11.5213
10.8683
10.2168
10.6195
10.7348
10.6837
10.9315
11.185
11.1665
11.2687
11.6211
11.3256
11.1274
11.1561
10.92
10.8088
10.7053
10.5911
10.5309
10.4841
10.4039
10.3882
10.3883
10.3883
10.3883
10.4692
10.8281
12.1129
13.0848
14.2574
15.2968
17.0575
17.8309
18.4366
19.2718
21.1844
22.9229
24.5351
25.7493
26.5504
26.9541
25.9808
24.3943
26.3566
26.4491
25.9778
25.8774
25.5732
25.4642
23.8952
22.0708
20.2479
16.3008
11.0964
5.54197
-1.66031
-6.31007
-7.90348
-13.6837
-24.6726
-39.4708
-42.9347
-41.6374
-54.7637
-57.2608
-59.9613
-61.6948
-62.2791
-61.2813
-58.3817
-54.0223
-45.047
-33.6234
-21.3164
-8.84949
1.15534
5.77858
10.4141
15.6038
19.18
19.4203
17.8743
17.2283
15.6916
12.0471
5.75917
2.3969
-1.58664
-4.35384
-2.25526
-4.29686
-6.85445
-8.86744
-14.2941
-13.3372
-14.2363
-14.647
-15.4056
-16.0794
-17.0888
-18.7661
-20.2035
-21.2635
-22.3236
-22.8135
-23.2319
-23.1277
-22.9285
-23.2574
-23.7931
-24.1805
-24.5401
-24.8342
-24.9986
-25.1325
-25.3608
-25.8905
-26.4042
-26.7314
-26.8908
11.8024
12.5865
12.2175
11.1758
10.0543
10.6138
10.7876
10.9786
10.9811
11.1253
11.3831
11.5782
11.5951
11.3652
11.2858
11.1369
10.9641
10.8909
10.771
10.5763
10.4712
10.4109
10.3882
10.3882
10.3882
10.4424
10.789
11.6348
11.9487
11.4996
11.8497
14.1071
16.4609
16.9188
17.9017
19.2332
19.8792
20.4522
21.7578
22.9778
24.3416
25.149
25.5646
24.9921
23.2809
25.7011
25.887
26.2527
25.8864
25.8272
25.1091
24.8079
23.6608
21.8079
19.261
15.2271
10.3514
4.56016
-0.60262
-8.86742
-16.4984
-23.2726
-31.5205
-38.5878
-46.2971
-50.9215
-53.4043
-55.8288
-56.9588
-59.1639
-59.3211
-57.5801
-56.5138
-52.7793
-46.9635
-37.846
-26.9771
-16.1873
-7.71391
-0.249591
8.39667
14.7731
18.3802
19.5551
18.7158
18.1244
15.4579
11.5216
8.65061
6.22787
2.89386
-0.460982
-7.04366
-9.15861
-10.9044
-12.4599
-10.8461
-10.8514
-12.0873
-13.4724
-14.7994
-16.1037
-17.4019
-18.9655
-20.1702
-21.511
-22.263
-22.8905
-23.0121
-22.7996
-22.9042
-23.3324
-23.8469
-24.0215
-24.257
-25.0056
-25.4506
-25.6725
-25.893
-26.1866
-26.3745
-26.4721
-26.9139
11.685
12.1585
11.7715
10.8737
10.0061
9.77237
10.1696
10.3339
10.8263
11.3604
11.6596
12.0296
11.8952
11.6759
11.5747
11.1884
10.8773
10.6596
10.5215
10.4354
10.3882
10.3882
10.3882
10.3882
10.3882
10.4903
11.5171
12.5865
13.4514
14.0542
13.6949
13.6499
17.4209
18.4468
19.136
19.7671
20.2718
20.9191
21.317
21.8102
22.8784
23.5027
21.7504
22.3296
25.4341
24.4839
25.7748
25.1221
24.8473
24.7798
25.1107
24.8658
23.5215
21.8139
18.455
15.1357
10.9444
6.98442
1.43707
-5.08881
-13.7169
-21.9734
-28.7405
-33.7244
-33.1944
-39.8475
-45.7116
-50.8653
-55.2639
-56.8126
-56.9955
-55.6156
-52.7012
-49.1002
-44.223
-37.6089
-29.5282
-20.4257
-10.1503
1.99405
10.5587
15.3754
18.5015
19.8093
19.1434
17.7561
15.7856
13.4721
11.5752
8.65346
5.44001
1.40186
-2.13958
-4.57577
-7.35987
-8.57143
-9.0215
-9.76583
-11.1229
-12.7971
-14.9747
-16.8305
-18.0459
-19.2592
-20.4264
-21.1656
-21.7251
-22.074
-22.4093
-22.5262
-23.0722
-23.556
-23.8401
-23.7486
-23.9071
-24.6553
-25.5779
-26.007
-26.1584
-26.354
-26.543
-26.7758
-26.9302
11.6804
12.0194
11.6775
11.0016
10.2676
9.67745
9.57016
9.93478
10.3973
10.9184
11.4244
11.838
11.8499
11.9057
11.8577
11.2659
10.7891
10.5608
10.4188
10.3867
10.395
10.3953
10.3882
10.3883
10.3883
10.7245
11.2351
12.4132
13.7144
15.0428
16.2704
16.7385
15.246
16.112
16.818
17.4235
17.9837
18.5562
19.1104
19.6644
20.204
20.8517
24.4195
24.9633
25.9207
26.4542
24.9931
25.0237
25.4453
25.8831
25.668
25.0341
23.4529
21.5693
19.4816
16.1443
13.2751
9.40534
4.38596
-1.60358
-6.63977
-12.4925
-18.1886
-23.0538
-28.8222
-35.2659
-42.4066
-48.6963
-53.7123
-56.3742
-56.8461
-54.5023
-50.9104
-45.6209
-38.9322
-31.7481
-23.9027
-13.9409
-2.95888
5.79053
12.9263
16.8543
19.1553
19.9373
19.5003
18.2351
16.4503
14.4564
12.0112
9.51184
6.85215
3.85665
0.668888
-2.55693
-4.98353
-6.39823
-7.8207
-9.33567
-11.096
-13.0431
-14.6223
-16.2241
-18.0805
-19.2367
-19.8698
-20.3682
-21.0088
-21.9543
-22.5338
-22.9013
-23.2158
-23.5607
-23.6144
-23.6042
-24.0749
-24.8428
-25.5218
-26.073
-26.388
-26.5742
-26.5923
-26.6136
-26.9216
11.6983
11.6983
11.5661
10.9997
10.4238
9.83526
9.44869
9.52394
9.7956
10.5001
11.1011
11.635
11.8427
11.708
11.3823
10.9128
10.6075
10.3654
10.2936
10.3803
10.5493
10.7916
11.0896
11.3973
11.7737
12.2702
12.8112
13.5539
14.4087
15.369
16.4599
17.494
18.5145
19.2926
19.9833
20.531
21.0988
21.8688
22.7192
23.8393
25.0219
26.164
27.1037
27.6172
27.8628
27.6638
27.4428
27.0509
26.6276
26.2547
25.854
25.3063
24.3537
22.9418
20.9713
18.3984
15.4172
11.9401
8.08046
4.00857
-0.653916
-5.57971
-10.9965
-17.4093
-24.5385
-31.9751
-39.9574
-47.0569
-53.2002
-56.8032
-57.4077
-55.134
-49.3723
-41.0209
-31.1138
-19.7908
-9.17421
0.728135
8.66753
14.2963
18.0799
19.9106
20.5682
20.4557
19.7845
18.8382
17.6551
16.1291
14.4296
12.1942
9.7954
6.90757
3.97603
1.05187
-1.83523
-4.44993
-6.94084
-9.04158
-11.0019
-12.7136
-14.2387
-15.669
-16.8291
-18.0022
-19.1006
-20.2397
-21.226
-22.0525
-22.7462
-23.0283
-23.1378
-23.316
-23.6426
-23.9064
-24.257
-24.8039
-25.4034
-25.919
-26.2877
-26.578
-26.7955
-26.8812
-26.8812
