14.1276
14.225
14.4669
14.8779
15.3061
15.525
15.5668
15.3683
15.0285
14.7775
14.5546
14.5037
14.5245
14.7848
15.0314
15.2556
15.5578
15.8633
16.2625
16.6208
17.175
17.9911
19.0694
20.525
22.1175
23.8465
25.6895
27.5905
29.4974
31.3874
33.3574
35.3213
37.1948
38.745
40.2492
41.3306
41.9954
41.9008
41.1163
39.6192
37.3817
34.4283
30.5794
25.2691
18.4805
9.74341
-0.774582
-12.0616
-24.1371
-35.0955
-44.2678
-50.087
-52.5761
-52.0503
-48.5365
-42.8148
-36.0289
-28.6123
-21.7149
-15.4688
-9.77321
-5.05392
-0.966203
2.62194
5.68091
9.00015
11.6589
13.9946
15.5859
16.5457
17.1506
17.2213
17.0913
16.703
16.2545
15.6402
14.9155
13.9649
12.8177
11.3619
9.63582
7.80407
5.87557
3.95192
2.04452
0.14861
-1.62962
-3.48402
-5.24053
-6.99722
-8.59077
-10.1304
-11.5549
-12.7098
-13.7491
-14.6125
-15.425
-16.0773
-16.6723
-17.4178
-18.276
-19.2632
-20.2565
-21.392
-22.5085
-23.426
-24.2105
-24.8343
-25.3968
-25.8442
-26.1499
-26.3541
-26.5032
-26.6476
-26.7715
-26.9489
-27.0619
-26.8498
-26.4265
-25.958
-25.5834
-25.3986
-25.3986
14.1276
12.1534
12.3525
12.1837
13.8203
13.3161
12.4851
13.5381
13.6666
14.7325
14.3358
13.6693
12.2441
11.0382
12.686
14.6902
14.0142
13.5387
15.2984
15.0257
15.8615
16.8558
18.1814
19.0876
21.3953
22.9912
24.1771
24.7166
27.5167
29.4349
30.0555
32.2065
35.2401
37.1015
38.3269
39.1131
38.1641
39.8316
39.2067
36.4759
34.5142
30.3544
24.9903
17.8108
8.9359
-0.403895
-11.0227
-21.9829
-31.2285
-39.0189
-45.3135
-53.4277
-52.6034
-52.4045
-51.278
-46.8719
-41.514
-43.907
-29.5185
-22.8787
-20.4497
-17.092
-12.2769
-7.54598
-2.51582
1.94505
5.48995
8.84755
12.9596
14.9744
13.441
15.7989
14.8816
15.2819
15.6482
14.0887
13.0499
12.4812
12.2038
10.9191
9.59886
7.80028
5.38638
3.13985
-1.07604
-1.13981
-2.37143
-4.06356
-5.68349
-7.39914
-9.16376
-12.5784
-13.4238
-13.9606
-14.7428
-15.1095
-16.1094
-16.4596
-18.0226
-20.724
-20.1443
-20.7413
-21.7411
-24.0558
-24.2236
-24.0352
-24.7116
-26.9086
-27.7837
-27.1161
-26.5804
-28.2436
-29.1258
-29.0488
-29.686
-28.8285
-29.3957
-28.4923
-28.3694
-27.3277
-26.1845
-27.175
-25.3644
14.1493
12.4254
12.2985
12.1269
14.2102
14.9169
14.0694
13.1914
13.5378
12.9503
11.7474
12.0347
10.6379
12.6673
14.9932
15.0191
14.7033
14.2959
14.2266
13.9943
15.0968
16.4564
18.0569
19.3064
20.1221
21.6261
23.604
25.715
27.5509
29.1332
31.0893
32.3168
33.4289
34.4831
36.1165
37.7983
39.5264
38.6142
38.2023
36.9502
33.6825
29.0774
22.5305
13.5379
2.18937
-10.7046
-21.4801
-30.4038
-37.634
-43.0132
-46.8291
-51.0334
-56.0197
-53.0996
-52.2472
-49.9194
-48.551
-36.4805
-38.5302
-33.4537
-27.1175
-19.242
-13.0024
-7.32738
-3.32754
0.319451
4.31391
7.81562
10.2769
12.7521
14.9708
16.0042
14.2227
16.095
15.5506
13.6266
12.3197
11.5862
11.7089
7.98029
8.55177
7.33751
5.14539
2.03479
0.853047
-1.3297
-4.72251
-5.44839
-7.36533
-8.40793
-10.7337
-12.8523
-14.3847
-15.7764
-16.7153
-16.0894
-15.7586
-16.127
-16.6915
-17.8753
-19.6313
-21.4927
-23.3396
-23.9074
-23.7267
-24.9012
-25.1099
-25.9222
-28.3546
-27.8576
-27.2004
-26.7939
-26.6492
-26.69
-26.7856
-26.9539
-27.0665
-26.8626
-26.897
-27.0563
-26.4305
-26.0046
-25.3928
14.1043
12.7041
13.8642
14.5197
14.7286
14.9979
15.3406
15.0854
14.5829
13.8556
12.8292
11.5449
11.6605
12.8628
11.8374
12.8136
13.8284
13.4897
14.697
14.6915
15.5686
15.8369
17.2414
17.3914
18.4511
20.6015
23.1533
25.3937
27.0911
28.8469
30.0372
31.2858
32.8488
36.1658
38.2425
39.2574
40.4136
40.4228
39.3749
37.5836
34.6184
29.8603
22.4386
10.8137
-1.73462
-12.9309
-23.944
-33.7062
-41.1046
-46.4257
-50.3202
-57.3906
-58.6755
-55.0891
-52.7041
-51.2042
-43.4696
-34.9101
-27.9396
-30.1824
-26.0635
-20.1109
-11.6658
-6.24478
-2.07149
1.81117
5.13231
8.55994
12.6517
15.1671
16.2817
14.0531
16.635
16.4965
15.3557
14.2217
13.0763
10.2833
10.7417
9.46637
8.30802
4.83673
4.06463
2.12624
0.297068
-1.58239
-3.31101
-6.13703
-8.8102
-10.6811
-11.7568
-15.7804
-16.6419
-17.3159
-17.9059
-17.132
-16.8425
-17.126
-17.3751
-18.72
-20.6551
-22.6384
-22.1515
-22.7844
-24.3003
-24.9208
-24.8977
-25.0221
-25.3051
-25.703
-26.0493
-26.3128
-26.5082
-28.3054
-28.208
-27.8676
-27.524
-27.0922
-28.0414
-27.501
-27.8142
-28.2395
-25.6392
14.0734
11.995
11.1026
12.2564
14.1453
15.1622
15.1125
14.802
14.1194
13.1555
12.6599
13.9993
13.9088
13.6889
13.0947
11.8963
12.69
14.1922
13.9077
14.806
14.6433
16.0006
16.0159
16.2502
18.0831
19.9415
21.2143
22.245
24.5731
26.3059
27.4673
29.4144
33.5837
35.6997
36.7804
38.6513
40.1833
40.5008
39.497
36.0437
34.3515
29.5797
21.296
11.5071
3.15345
-5.93816
-16.8756
-29.5103
-41.2177
-48.5075
-57.9379
-63.9603
-62.3081
-60.6621
-55.1457
-50.2207
-42.8097
-33.9596
-25.3776
-20.3503
-18.3054
-16.2028
-12.0556
-6.04061
-0.771119
3.48191
7.03344
9.87721
13.3093
15.524
17.5366
17.6634
16.7298
14.3756
13.5446
11.9484
11.9609
11.9708
8.55032
7.31643
8.08301
7.08662
4.77259
2.21199
-0.0747814
-1.71188
-3.80453
-5.11641
-7.95512
-11.8443
-14.5812
-13.1579
-14.5127
-15.0865
-15.7879
-18.5257
-19.2947
-18.6311
-18.9604
-19.7857
-21.8607
-21.0595
-22.5224
-22.6796
-25.1103
-24.9598
-26.2724
-25.972
-25.5758
-26.9988
-28.8706
-29.3863
-30.1509
-28.9286
-27.7066
-28.8854
-28.6214
-27.6627
-26.9197
-27.4297
-27.0681
-26.4239
-25.9407
14.2967
13.407
14.1253
13.9275
13.9951
14.4923
13.2704
12.2351
13.0848
12.765
11.8023
12.6011
12.2135
13.925
12.8991
11.9451
13.5869
13.8602
14.5664
13.5749
13.7494
14.0282
14.5493
15.5379
17.4586
16.7532
17.4481
18.8588
22.6821
22.7262
24.857
30.3701
32.3111
33.3337
31.7388
36.8243
38.2215
38.585
38.1587
37.8071
35.2102
30.3717
23.816
20.3952
15.9595
7.29515
-5.94108
-22.5701
-38.1021
-49.6636
-63.9342
-70.7489
-72.5023
-66.9536
-58.8582
-51.338
-44.7284
-36.0065
-26.864
-18.7648
-12.7849
-9.01169
-6.65492
-3.50415
0.754188
5.41646
8.84567
11.49
12.8053
16.0894
17.859
18.3175
17.3927
14.5393
16.0088
14.9648
14.3074
12.7647
10.6826
7.02377
4.9718
6.34055
4.92908
2.56622
0.103818
-2.81054
-5.5848
-6.89308
-8.26654
-13.017
-11.069
-11.4885
-12.5282
-13.6511
-14.4526
-15.9532
-17.438
-19.8571
-20.5282
-21.1242
-20.2803
-20.5568
-21.4139
-23.0375
-25.0626
-24.7112
-25.2817
-25.738
-25.4303
-26.4926
-28.3083
-28.1261
-28.0513
-27.5781
-27.2312
-27.1544
-27.2097
-27.5216
-27.1563
-26.5952
-26.7
-26.5057
-26.0039
14.5542
14.6349
14.835
15.1312
15.2385
14.6602
13.3069
12.1576
13.314
14.2118
13.6759
13.5471
14.0352
13.5894
13.4893
15.1518
15.1865
14.4875
13.9001
15.1658
15.5796
16.0083
16.1485
15.6737
16.0134
20.0814
21.1734
19.3653
20.2537
25.9421
27.7722
26.2643
27.6057
29.303
34.8441
33.5814
34.6835
35.6746
36.3582
36.6349
35.2353
31.9647
31.6883
29.4795
24.4691
14.3365
-0.220456
-18.2043
-36.1441
-51.4065
-73.0968
-81.0789
-81.0189
-74.9582
-66.5449
-53.5021
-46.9345
-38.1275
-29.0208
-20.2853
-12.7318
-6.56732
-2.13519
1.00619
3.53414
6.77655
10.6591
13.2621
14.8187
16.364
17.5549
18.5025
16.7242
16.6683
16.1294
16.4815
14.7743
12.5397
10.3139
9.96606
7.72193
2.81825
4.28349
2.73622
0.644185
-1.62229
-4.47611
-9.73045
-11.406
-9.74619
-9.68051
-11.4085
-11.943
-12.5931
-13.838
-15.1359
-16.8843
-18.768
-19.7149
-19.7589
-20.956
-23.2034
-22.3038
-22.4675
-22.8702
-23.5318
-24.9818
-26.6342
-27.5408
-28.6112
-27.4802
-26.539
-26.3904
-26.6225
-28.8939
-29.5519
-30.4576
-29.6021
-29.7657
-28.4997
-27.0736
-28.088
-26.0426
14.4826
13.6296
13.6989
13.4519
13.7386
13.4615
14.4642
13.9025
14.0629
14.0441
13.5031
13.1572
13.1956
13.0501
14.3622
13.6959
13.1448
14.367
14.7632
14.1782
14.6558
15.078
17.1252
17.691
18.6856
20.6619
22.081
23.1456
22.3091
22.8005
25.0141
30.1287
31.9925
33.3615
36.4411
37.7756
37.6899
37.3372
38.6823
38.246
35.8076
36.8908
36.1668
34.9089
30.5423
21.4549
6.7252
-14.0424
-35.1917
-55.3701
-96.7061
-107.154
-107.493
-96.2792
-80.0435
-63.037
-49.2136
-40.2242
-28.2521
-18.0559
-10.4864
-5.94454
-2.58452
0.127029
3.18908
6.77969
9.62452
12.1045
14.5502
16.6253
15.0344
18.612
18.3643
18.3966
18.4985
17.031
15.0321
13.4251
12.3163
11.1797
8.60808
5.54765
0.289358
1.50092
-0.435099
-2.28545
-7.85862
-8.9819
-7.40093
-8.07072
-9.81719
-11.1331
-13.2876
-13.4596
-16.0139
-17.1975
-17.0854
-18.2855
-20.1768
-19.1739
-19.6566
-20.1006
-22.5898
-22.6611
-22.5542
-23.8239
-24.267
-24.617
-25.132
-25.9746
-25.9079
-25.9034
-26.1426
-26.4759
-26.7651
-26.9631
-27.6875
-29.1418
-28.4097
-27.9882
-27.2207
-26.5452
-26.1102
14.3668
12.9268
14.4704
14.5467
14.5782
14.3484
13.7055
12.9681
12.3351
13.9801
13.5666
12.9306
11.9996
11.7634
12.3347
14.7292
14.5524
13.7789
13.4117
15.3142
15.5105
15.8052
16.4653
17.5473
18.6441
19.8148
22.4499
24.6487
25.904
27.0656
28.3907
30.941
33.9339
36.297
38.1826
39.966
40.2367
39.1773
39.9529
38.8294
37.0228
38.1772
38.5811
37.0375
36.3895
28.4864
13.2151
-9.08975
-33.775
-58.3002
-121.725
-139.757
-140.899
-123.206
-98.7094
-72.3071
-52.4066
-40.19
-27.2313
-16.008
-10.4879
-10.5398
-11.6108
-6.77377
-1.68725
2.33597
5.94032
9.7512
12.4735
14.7136
17.085
18.939
19.6329
17.466
18.5093
18.3137
16.8931
15.3621
13.5257
10.297
7.55996
3.69645
1.07774
-2.32323
-4.09268
-5.74128
-3.687
-4.23102
-5.67519
-8.31852
-9.07388
-10.5557
-12.5699
-14.2294
-14.7213
-15.7561
-16.7323
-17.543
-19.395
-18.8857
-19.0576
-19.8412
-22.0107
-22.2389
-22.3152
-24.095
-24.4796
-24.453
-25.7496
-25.9817
-26.3154
-28.0412
-28.1128
-29.2163
-28.5346
-28.0937
-27.6126
-28.2175
-29.3386
-28.4146
-27.1308
-26.5486
-26.1958
14.5849
14.6027
14.601
14.3518
13.5732
12.3653
11.7384
11.8738
12.9735
13.1984
11.7262
10.7255
12.533
13.8253
14.4696
14.3392
14.2556
14.7254
14.3278
13.8841
13.3343
14.5842
14.1254
15.2017
15.7251
17.9329
20.5915
23.2697
25.7958
27.8392
29.4753
31.3995
33.9249
36.2967
38.8946
40.5003
39.7889
40.8625
40.1199
39.7711
38.852
36.9588
38.5666
40.0363
39.8855
33.9953
20.0039
-2.85706
-28.0527
-52.7429
-108.887
-142.012
-160.461
-145.001
-115.121
-82.3742
-54.7068
-42.3686
-28.1029
-21.242
-17.5166
-30.2234
-24.3518
-15.6161
-7.04971
0.222677
7.04352
9.55003
12.1746
14.7994
17.5239
18.8824
20.132
19.9053
19.9847
19.2057
18.1403
16.4579
14.0786
10.998
6.56878
4.32502
2.12175
0.703675
-0.277585
-0.874979
-2.69579
-2.97197
-5.35741
-6.72063
-8.82443
-10.6983
-13.2571
-14.6681
-15.4865
-15.9384
-16.1289
-17.1503
-18.1556
-20.0426
-19.7202
-20.718
-20.9527
-21.2958
-21.9687
-22.7475
-23.555
-26.0109
-25.9139
-25.1716
-25.2511
-26.1155
-27.307
-27.7126
-28.0582
-28.4858
-29.1068
-28.3564
-27.285
-27.2048
-26.902
-27.7912
-26.2878
14.8216
13.7884
12.4773
11.604
13.169
14.4278
14.1863
14.6081
14.0329
13.2773
11.8353
10.6566
11.6837
11.7142
12.3791
12.8502
15.0892
15.2899
15.5362
15.5428
15.2051
14.9356
15.9399
16.6683
16.0673
16.3086
19.1469
22.0046
24.846
26.0409
27.3157
29.6824
32.6038
35.5012
37.3936
39.6307
39.6108
39.5268
39.7596
40.2467
39.5898
38.3102
39.6073
39.8107
42.202
38.3033
26.647
5.95393
-20.1858
-47.1398
-93.2307
-141.742
-176.482
-161.018
-134.858
-100.02
-67.0299
-47.4301
-33.0134
-44.6831
-38.7804
-12.6789
-6.27857
-13.893
-9.5845
-2.38623
3.35545
8.42153
11.186
15.7901
17.0045
18.2343
19.8854
19.7069
18.3058
19.4172
15.3146
15.3838
12.7546
9.86601
8.43231
6.40524
4.92981
4.09015
2.97803
1.49321
-0.304274
-3.58909
-4.28537
-5.9486
-8.45393
-10.786
-13.3834
-14.2683
-15.5595
-16.9956
-16.3941
-17.1518
-18.9376
-19.9147
-20.6728
-20.47
-20.8125
-21.4121
-22.2599
-23.1831
-25.0865
-25.006
-24.5506
-26.4927
-26.1039
-25.684
-25.9506
-26.0865
-26.1537
-26.8899
-28.1443
-27.8288
-27.0635
-26.6036
-26.7656
-26.7068
-26.3955
14.755
12.09
12.3553
13.6164
13.6712
13.5086
14.6456
14.0644
13.1039
12.1626
11.5239
10.3453
12.2103
14.3292
14.4686
14.6652
14.8456
15.0758
15.2902
15.3766
15.5658
16.257
16.4598
17.4732
17.4007
18.9629
17.3836
21.4155
22.6859
23.4999
25.3285
28.3321
31.1946
34.2487
37.391
39.4913
40.4744
40.212
40.3986
41.4498
41.1737
40.3935
39.0713
41.9025
43.4856
42.0018
33.6348
15.7736
-10.2365
-36.7383
-66.3136
-115.908
-165.868
-170.212
-154.559
-123.627
-89.3533
-56.001
-52.523
-28.6297
-18.3333
-9.80795
-1.355
-0.801106
0.660859
-0.975461
2.5633
5.96988
12.7362
13.2592
15.615
18.7313
19.7186
18.5899
20.9582
20.7167
18.7098
16.3455
13.5491
11.4872
10.148
8.2429
7.2974
5.4899
3.7966
1.95127
-0.265581
-2.05926
-3.46225
-5.59205
-8.07628
-11.361
-13.0732
-15.3706
-14.6124
-15.3929
-17.4737
-17.2829
-18.8861
-18.6561
-19.4136
-21.3528
-21.3915
-21.9719
-23.2919
-24.0261
-23.8751
-24.8685
-24.8213
-26.4312
-26.0192
-25.4471
-25.4821
-25.7248
-27.1125
-28.6599
-28.2578
-27.9886
-27.4225
-28.1264
-27.8289
-28.0882
-26.6281
14.6574
14.188
13.6778
13.5072
14.3499
14.2639
14.3223
13.6853
12.4846
11.4554
12.255
13.742
13.7989
13.5119
12.6274
11.7003
12.7404
13.7482
13.246
14.5276
15.9147
16.2063
15.7209
14.8239
17.1897
19.7848
20.3177
18.4499
20.3367
22.3874
25.0524
27.4255
30.3148
33.1728
35.9282
37.9369
39.7287
41.1528
41.7181
41.9647
41.5246
39.64
40.8426
41.6914
43.4075
42.8527
37.6218
21.8724
0.348833
-26.6997
-51.6479
-92.8789
-148.995
-170.23
-172.923
-151.443
-120.492
-66.7885
-45.8878
-33.7465
-19.8023
-9.43784
-2.37692
1.97489
4.29027
5.64152
8.07727
11.0808
10.463
15.69
16.8456
18.0262
19.9658
21.1227
21.8715
21.7875
20.724
18.2617
15.6571
12.8789
11.505
9.68544
7.21726
4.24776
2.20418
1.61098
-0.300231
-1.87514
-3.98773
-6.50583
-7.57158
-9.75076
-11.4257
-12.7214
-13.9432
-16.2999
-16.8448
-18.0355
-17.4293
-18.1549
-19.7434
-21.3775
-22.0995
-22.7382
-22.9503
-24.5478
-24.2633
-25.4936
-25.191
-26.8725
-26.3543
-27.5189
-28.5276
-27.5628
-28.4107
-28.4595
-28.475
-28.4678
-28.0467
-29.3081
-28.8141
-28.6041
-26.83
14.7813
13.3709
14.3851
13.8703
13.6951
14.4058
13.9428
13.5772
13.9255
13.992
13.6692
12.9441
12.025
11.83
11.6894
13.2346
14.7919
14.899
15.0134
15.1687
15.9787
16.6878
17.3685
17.5793
17.4669
19.2948
20.878
19.6125
20.4637
23.3047
26.1841
27.969
29.7566
32.057
34.3585
36.8894
39.6076
40.8819
41.4059
40.9024
42.0848
41.6243
40.4021
40.145
41.7732
42.0393
38.963
28.4503
9.74913
-16.2934
-39.8096
-63.8392
-131.598
-162.695
-185.488
-172.05
-140.37
-86.2845
-54.5187
-41.1293
-26.8844
-15.9379
-7.74336
-0.137933
5.96854
8.30418
10.5016
13.2761
14.8193
16.8579
19.6531
19.3019
19.884
21.5672
22.6091
22.7005
21.2952
18.91
15.6362
13.9517
12.0784
9.06517
6.30099
4.16003
1.96064
-0.62082
-0.95759
-2.9748
-5.00419
-7.31547
-8.63864
-9.83608
-13.5138
-14.5941
-15.377
-15.4222
-16.7318
-16.8981
-17.3811
-19.5613
-20.6181
-20.9762
-22.5613
-22.2846
-22.5377
-23.0109
-23.585
-23.701
-23.9548
-24.1463
-24.3247
-24.7638
-25.2969
-25.5506
-26.9001
-28.4598
-29.8381
-28.8941
-29.3892
-29.7656
-29.7816
-29.3408
-26.8646
14.8623
13.9252
14.6797
14.2066
13.392
12.8541
13.1486
12.7575
14.1892
14.1257
13.858
13.0704
11.672
10.8066
12.1495
14.5672
14.675
14.2493
13.123
12.1306
14.1336
15.3576
15.3379
17.8297
18.7803
20.0167
21.4917
22.1205
21.0046
24.3858
25.6805
28.1943
30.6504
32.471
34.9594
37.2328
38.028
39.146
39.7851
41.8447
42.4204
42.2099
40.4581
39.752
40.1883
42.5984
41.1334
34.1677
18.3095
-3.70193
-27.876
-52.1025
-106.021
-149.319
-184.698
-187.823
-164.964
-109.72
-70.0002
-50.5577
-37.429
-26.3479
-13.4414
-1.56154
5.12691
9.6911
12.3696
14.2643
15.7477
17.5381
19.6373
21.4409
21.8222
20.9622
21.0226
22.9431
19.9851
17.3323
17.1764
15.2725
12.8698
10.2203
8.33147
6.86345
4.21612
0.538307
-3.61058
-5.79815
-7.82055
-9.5566
-10.9292
-12.1264
-11.4077
-13.1228
-13.2707
-14.2902
-15.3637
-16.3799
-17.8947
-19.7284
-21.6284
-21.4606
-21.0145
-22.623
-23.2755
-24.107
-24.4288
-24.0071
-25.2802
-24.9747
-24.6958
-25.6762
-26.6276
-28.0743
-28.9506
-27.9535
-28.8309
-28.4999
-27.8362
-28.9538
-28.5887
-27.667
-26.8807
14.6339
14.4546
14.0135
13.0294
11.9331
11.5877
10.8622
11.1103
12.1937
12.4763
13.0854
12.7949
13.7239
13.3759
12.9402
12.9453
13.0702
14.5099
14.4625
14.1795
14.7087
15.4715
15.942
16.6305
17.5321
18.869
20.6056
22.2443
23.2299
22.2797
23.3066
26.8416
29.6579
32.7714
34.5917
35.29
33.1497
36.1035
37.9811
40.894
41.989
42.0105
41.8937
41.5945
41.7967
41.5931
41.809
36.7422
26.0269
7.72842
-14.2567
-39.1334
-65.4353
-119.545
-172.991
-193.201
-183.737
-134.863
-92.5132
-57.4414
-47.6798
-34.7908
-17.875
-4.48057
6.24878
9.90278
11.2388
12.3488
13.6704
16.9117
19.5815
21.9566
23.139
21.1257
21.7633
23.2554
21.5273
20.7269
19.0813
16.5209
13.5579
10.7268
9.85551
7.92605
4.97757
-0.457352
-2.82222
-4.96011
-6.66423
-6.21439
-7.66109
-8.92329
-9.94268
-11.041
-12.3164
-13.6176
-15.2925
-17.8107
-17.5047
-18.3705
-18.9351
-19.7108
-22.0486
-22.0412
-22.6718
-23.369
-24.7761
-24.4205
-25.6708
-25.7874
-26.1955
-25.604
-25.1611
-25.1528
-26.6091
-26.8698
-26.7345
-26.6986
-26.7603
-26.8697
-27.2306
-27.2591
-27.0361
14.3868
13.0432
12.0738
12.3421
13.9519
13.3118
12.359
12.1158
13.7203
13.7802
13.8128
13.748
13.5256
12.9768
11.768
10.7721
12.6512
14.419
14.7984
14.8606
14.2048
13.4104
15.06
15.7813
16.9879
18.6488
20.1476
21.918
23.3171
24.3534
25.3245
24.8906
28.971
31.3362
32.5338
30.9511
36.2988
35.3992
38.79
39.2019
40.3373
41.0562
39.9655
40.4418
41.401
41.0588
40.8619
38.7284
31.9109
18.6257
-0.763589
-24.8103
-49.6458
-88.2342
-156.004
-191.041
-201.141
-162.389
-117.878
-76.499
-54.8331
-39.5192
-21.8113
-4.99869
1.37861
2.61758
3.48844
6.08865
10.7979
14.9558
18.4943
21.0891
22.818
24.0421
24.7889
24.186
23.514
22.3327
20.647
17.8679
13.6675
11.5146
7.8782
5.05617
2.46237
0.871843
-0.405358
-2.29587
-3.53312
-5.46569
-7.73061
-9.5721
-11.7223
-12.6905
-12.8561
-14.2446
-15.0285
-15.9824
-17.6886
-17.7432
-18.2015
-19.2815
-21.0274
-21.4703
-22.1085
-22.9807
-23.6714
-25.4688
-26.682
-25.6016
-24.6809
-24.5202
-24.7492
-26.7083
-27.2037
-26.7536
-26.5709
-28.3009
-28.3054
-27.6569
-27.2865
-27.6812
-27.1083
14.3671
13.9714
13.2264
12.0729
11.5847
12.2442
11.6706
13.2355
13.5339
13.2544
12.5522
12.0641
13.2472
13.1768
12.2684
11.7556
13.5226
13.4487
12.4636
11.7051
13.2336
13.8237
15.5762
14.9541
16.768
17.9365
19.2519
19.4295
21.0993
23.0606
26.1474
27.4341
26.3041
27.4056
28.7221
34.265
37.4906
38.9984
37.5898
41.3087
42.1714
42.6609
42.4645
41.5512
40.5474
39.2144
39.4043
39.08
35.505
25.3884
9.35388
-14.0518
-35.6331
-60.0902
-121.559
-170.673
-205.691
-182.305
-146.488
-103.681
-68.5138
-47.3975
-26.1864
-12.3442
-17.793
-16.6605
-6.86336
2.65099
9.69087
15.1198
17.918
20.0052
20.8954
23.4824
25.1103
23.736
23.3285
23.2545
21.3553
17.2061
16.148
14.0726
11.0097
7.95434
5.4076
3.48984
1.38485
-0.938891
-3.61371
-5.83224
-7.49346
-9.15992
-10.6334
-11.6922
-14.2872
-14.9843
-15.797
-16.9041
-17.8281
-18.6049
-20.232
-19.7905
-19.7392
-20.5046
-21.3285
-22.0897
-22.992
-23.6876
-24.2851
-24.2246
-25.7529
-25.606
-25.1292
-25.9939
-26.3601
-26.2239
-26.2788
-26.4589
-26.6119
-26.7868
-28.19
-29.3841
-27.0077
14.35
12.4683
11.847
12.5956
12.368
13.966
13.6486
13.2273
12.8015
12.7559
12.5779
13.5269
12.7562
11.2157
10.0921
11.5217
13.6945
13.8273
13.3799
13.2351
15.3721
16.03
16.611
17.0765
17.1324
17.3206
18.0967
19.1652
21.5879
23.3556
24.9731
27.6806
28.5788
28.502
31.2361
33.9159
37.2858
39.8037
40.1409
39.3084
40.3806
42.5993
42.5339
39.7855
38.2701
39.1213
37.1347
37.225
35.5994
28.8424
14.0523
-9.08103
-45.0595
-53.7355
-89.7901
-147.183
-208.04
-205.789
-178.532
-134.882
-90.593
-56.9374
-34.6708
-37.9912
-32.0679
-3.66255
5.28063
7.87569
12.2421
14.7323
16.5499
19.4015
21.5671
22.018
24.7294
25.3702
24.357
23.2121
20.3501
19.755
18.0642
14.7761
11.4176
8.55046
6.19095
3.69989
1.3945
-0.796327
-2.55231
-3.37501
-5.12394
-7.48451
-9.88808
-13.0313
-13.3461
-15.8506
-16.1275
-17.4585
-18.9069
-19.6325
-21.3095
-20.2259
-19.6222
-20.3167
-21.0469
-21.7649
-22.6818
-24.2531
-24.8287
-25.7595
-26.4045
-25.6138
-25.7792
-25.4277
-25.158
-25.3715
-25.8317
-26.1796
-26.3769
-27.8454
-27.9928
-27.4713
-26.9452
14.1641
12.8598
12.8609
12.5953
13.5058
12.8469
12.1003
11.5169
10.4471
11.6927
13.6071
13.4674
13.1749
12.9707
13.075
12.4562
12.3247
12.2947
12.1791
14.2181
13.8307
14.2934
16.127
15.5794
14.4389
16.2898
17.7666
19.7024
21.2294
23.4585
25.2347
26.3429
27.854
29.8577
31.7565
34.2974
37.1913
39.774
41.0751
40.516
41.7691
41.3558
42.3731
41.2832
38.2593
38.3966
35.607
32.2565
32.7615
25.1558
5.76136
-30.0554
-36.5069
-44.5914
-57.3989
-111.258
-179.367
-200.594
-201.623
-169.377
-121.774
-70.791
-54.9226
-46.9194
-15.3507
0.175271
9.30509
11.6517
10.5794
13.9248
16.5172
19.2451
21.1327
22.9513
23.9617
25.627
25.3701
23.0692
22.1648
21.0102
18.7211
15.3159
12.0179
9.3066
6.55104
4.1591
1.90952
-0.0724176
-0.633484
-1.71937
-3.70975
-5.89538
-8.34935
-11.2039
-13.473
-15.0603
-17.42
-18.2372
-18.6346
-18.5385
-19.0708
-20.8718
-21.4519
-22.5648
-22.9108
-23.3177
-24.7848
-25.0215
-24.6459
-24.5752
-24.2251
-24.2108
-24.4788
-25.5372
-25.5652
-26.0595
-27.4491
-27.4863
-27.0386
-28.6476
-28.6221
-27.8044
-27.0257
13.9617
10.9389
12.6137
13.4759
13.0324
12.8172
13.1016
12.9762
12.7394
12.3767
12.2214
13.0943
13.2062
13.2189
13.2426
13.2481
13.2502
13.5659
14.0349
14.6628
14.8437
15.2616
14.6309
13.9858
16.6406
17.7565
18.8166
19.6851
22.3203
23.9971
25.1124
26.2846
27.7942
29.1136
31.0552
33.1471
35.4727
38.0526
40.8521
42.2738
42.6838
41.1036
39.6502
38.8813
38.4731
38.2092
35.8153
29.6206
20.6837
8.85269
-10.7281
6.22962
-7.07816
-25.8215
-47.7413
-80.9571
-153.58
-191.556
-217.694
-198.481
-159.178
-92.1084
-58.3984
-34.8678
-15.4891
-4.26824
-0.0418322
-2.33935
4.69177
12.1083
16.4993
19.5352
20.9441
23.2357
25.181
25.3097
24.3015
24.8258
23.8656
21.965
19.3792
16.241
15.1394
12.5575
9.18088
5.24709
2.37695
-0.096611
-3.89877
-2.84028
-4.55969
-6.79283
-8.19351
-11.1694
-15.4608
-16.5281
-17.5776
-18.1167
-17.9678
-18.0262
-20.3035
-19.8876
-19.9023
-22.0473
-21.8235
-22.026
-22.6913
-23.3353
-23.8102
-24.8963
-25.03
-24.6945
-24.6626
-24.6806
-24.7957
-25.2328
-27.3329
-27.6189
-27.1693
-26.9881
-27.0314
-27.1558
-27.0667
14.0067
12.0477
11.4903
11.5462
10.5996
11.8725
12.2646
12.0506
11.3323
11.9691
13.1128
12.5531
12.1392
12.6426
12.009
11.0722
9.71019
11.6455
13.9467
13.6856
13.2203
13.8046
13.7173
16.1815
16.1617
17.9051
19.033
20.6157
21.6558
22.0529
22.3849
23.4876
25.1095
27.2067
29.1751
31.274
33.3339
36.0316
39.1022
41.4421
42.4308
42.8216
42.2173
40.3616
39.6066
39.2499
36.3537
31.5554
19.846
8.73241
22.2062
17.5971
6.00727
-13.5968
-35.9923
-55.9269
-114.614
-170.278
-221.688
-213.993
-181.165
-120.45
-67.7661
-44.6797
-26.1955
-28.0638
-24.0115
-10.7742
1.69724
9.93541
15.8279
18.9797
21.8525
23.6179
25.2187
24.5041
23.5943
24.5114
24.5819
22.7605
20.7384
18.7988
16.6564
13.8799
10.2968
6.63283
3.25559
-1.19656
-0.563824
-6.33678
-8.31396
-7.16286
-9.12283
-13.8227
-13.5903
-14.6504
-15.5485
-15.9196
-16.5784
-17.9668
-19.5871
-19.3168
-19.5065
-20.4853
-22.0948
-22.3719
-22.3675
-23.0072
-25.1261
-24.9167
-24.1716
-24.6532
-26.1688
-25.8631
-25.2449
-26.2127
-26.5053
-26.4527
-26.8382
-27.0259
-27.0759
-28.6632
-27.0029
14.094
11.8801
12.152
13.5524
13.3167
13.0052
12.4504
11.4434
11.0873
13.1938
12.8778
11.7704
10.9965
12.3435
12.3626
12.464
12.1897
11.9677
14.1773
14.6018
15.0147
15.2871
15.1844
15.2865
15.6048
17.4886
19.3478
20.0285
19.9234
18.9129
19.206
20.4088
21.8683
24.7414
27.3979
29.3362
31.6367
34.5437
37.2396
39.3721
41.6442
42.4681
42.7284
41.6854
39.6392
38.8101
36.2575
31.5805
27.5264
24.6558
28.3753
24.9677
15.4541
-6.04245
-30.185
-50.5774
-82.3846
-140.827
-217.471
-223.238
-201.734
-147.138
-98.7113
-59.1325
-50.3518
-42.7346
-19.0585
-8.79009
0.209638
9.43152
15.9588
18.9826
20.3909
22.5559
24.951
26.6418
25.9254
26.4261
26.1617
24.4733
21.741
19.0343
15.2755
12.1778
10.3284
7.64812
1.82573
3.16961
1.34085
-1.58159
-4.86202
-10.5097
-12.1913
-11.0872
-11.8599
-13.1138
-15.7566
-18.1175
-16.9693
-17.2027
-18.5955
-20.0359
-20.9538
-21.1389
-22.8542
-22.7003
-22.3516
-24.2458
-24.8685
-24.2858
-23.8805
-24.3042
-25.7604
-25.6521
-27.2171
-26.9521
-26.2953
-26.2233
-26.3563
-28.3247
-28.5168
-28.4251
-27.0297
13.8886
13.0378
13.6054
13.0891
12.4712
12.0586
11.7685
12.6711
11.9871
11.1617
10.898
12.1452
11.922
12.9412
13.0699
13.1364
13.2784
13.5269
13.8388
14.1856
14.33
14.3243
14.0432
15.2206
15.0823
17.5006
18.4981
18.4206
17.1428
17.7801
21.588
23.3198
24.5274
24.0617
25.7531
27.717
29.8792
32.3615
34.8717
37.4792
39.8121
40.3402
40.2414
42.2557
40.3596
39.6435
35.1956
34.9828
32.7446
32.4742
31.4092
29.0382
15.8387
-3.36768
-22.0539
-39.2667
-55.4319
-105.174
-179.307
-205.257
-210.682
-172.034
-128.74
-73.5075
-56.7322
-39.9825
-28.2718
-12.5078
-0.728621
7.68446
12.5398
14.4313
17.5867
21.4681
23.9456
25.8214
26.2171
27.3666
27.0455
24.9433
22.3532
18.8303
15.7818
11.8693
7.05763
4.69189
5.93252
5.18988
3.40296
0.183582
-3.6393
-7.71407
-9.6005
-9.484
-10.4659
-12.8376
-14.6306
-15.9609
-17.5458
-17.5612
-19.27
-20.3841
-21.824
-22.4826
-22.8658
-24.5381
-23.8084
-23.8136
-23.6422
-23.8294
-23.869
-25.2685
-25.8825
-27.2184
-26.5507
-25.7596
-27.0641
-27.3014
-27.2478
-27.1558
-27.1746
-27.1693
-27.156
13.6734
13.008
13.5188
13.1344
12.4273
11.4659
11.0801
12.2976
11.6676
11.5448
12.4292
12.4275
12.469
12.5929
12.5365
12.1551
11.7019
11.5258
12.274
12.7621
12.0283
12.4468
12.9179
14.4472
15.2709
15.8755
16.9188
15.8739
16.4307
19.069
21.2516
23.7449
25.3927
26.0435
26.2046
27.4127
29.1607
31.3077
33.5417
35.8284
37.7885
39.7369
41.2533
42.0331
41.925
40.0288
37.1049
36.6299
33.3591
34.0818
32.8932
26.691
18.021
6.99064
-5.91829
-24.6539
-46.3167
-78.0929
-139.82
-181.062
-207.879
-196.27
-166.438
-102.796
-61.2733
-49.8079
-34.0349
-17.5676
1.12642
11.1637
5.26827
13.5482
18.8035
20.8995
23.2732
25.1477
26.7332
27.468
26.9118
24.3326
22.1228
19.203
15.0207
10.6507
11.252
9.27375
8.15342
6.80197
3.76345
0.516505
-2.79104
-5.87518
-7.38351
-9.29095
-10.3701
-12.0828
-14.1153
-15.2825
-17.0879
-18.4182
-18.8923
-20.8854
-21.0332
-21.6071
-21.5882
-22.1219
-23.299
-23.2142
-23.2479
-23.421
-24.199
-26.1426
-25.9903
-25.2243
-25.9269
-26.0284
-27.7211
-27.7327
-28.3276
-28.9477
-29.6775
-29.7155
-27.259
13.7923
13.6648
13.658
13.3895
12.9986
12.3928
11.3256
10.7569
12.3818
12.3334
12.3302
12.2643
12.0918
11.8682
11.7419
11.2148
11.6601
11.6676
11.1862
13.071
13.2635
13.135
14.0521
14.7968
15.376
15.4773
14.9102
15.3453
17.2774
18.9572
20.7824
21.97
23.0396
24.9665
26.5374
28.2479
29.6658
30.863
32.5292
34.4497
36.553
38.536
40.3614
39.2382
41.5661
39.0066
38.7225
36.8964
31.8916
32.4206
32.5308
30.3192
25.9592
18.2147
5.04415
-15.6716
-41.1606
-56.138
-103.853
-153.07
-197.901
-203.329
-192.073
-133.631
-84.6938
-57.4692
-41.3001
-19.8614
-3.32939
-11.6155
8.68244
18.6337
22.0365
23.6784
23.9617
24.6364
24.4822
25.2096
26.8533
24.6998
22.2158
18.1097
14.6735
15.6641
14.2557
12.1664
9.92826
7.3779
4.248
0.702839
-2.43765
-4.24334
-5.87947
-8.34078
-10.1252
-12.1494
-13.386
-15.3873
-16.8357
-18.852
-21.2167
-20.2738
-21.3433
-21.1765
-21.1509
-21.4148
-22.8701
-23.1389
-23.2289
-23.6083
-23.7665
-24.2826
-25.5667
-25.4936
-26.4201
-26.7427
-26.3703
-26.217
-26.3958
-26.724
-28.56
-28.8952
-27.2051
13.9279
13.9004
13.8014
13.5839
13.3936
13.3448
13.0912
12.1759
10.7236
9.71283
10.725
11.9182
11.2062
10.3908
10.5869
10.7289
12.2877
11.315
10.5293
11.9614
12.3162
12.4542
14.0889
14.9265
15.0458
14.1405
14.58
15.1506
15.9949
17.9173
18.7999
19.7875
21.4707
23.3053
25.2016
27.0003
28.4279
30.3627
32.293
34.2961
36.4501
38.4917
39.7362
41.5919
41.1093
37.9335
38.4601
34.3878
36.0593
35.0678
33.5712
32.3794
28.3609
20.0462
3.71075
-22.0613
-40.0587
-52.2246
-71.5624
-124.041
-182.334
-204.196
-209.611
-168.806
-121.558
-66.9373
-50.7029
-41.8996
-34.1764
-2.62367
12.8706
21.1362
24.8114
24.5481
25.6718
26.8393
27.0454
27.3339
26.5824
25.4794
21.2376
18.9713
18.5347
18.1782
16.5788
13.7647
10.7775
6.71928
4.6391
1.99931
-0.1509
-2.22592
-4.39313
-7.06095
-10.5361
-11.7107
-13.6417
-14.9297
-16.8189
-18.0266
-18.5216
-18.9611
-19.7756
-20.225
-21.362
-21.6874
-22.6568
-23.3946
-23.4619
-23.4729
-23.8977
-26.0438
-27.1903
-26.2547
-26.9412
-27.6143
-27.6389
-27.021
-28.3035
-29.5229
-30.0279
-29.0196
-27.1739
13.578
13.4153
13.3901
13.2385
13.1869
13.07
12.831
12.3043
11.7656
11.414
10.0848
8.79602
9.96511
11.4922
11.0549
10.1695
11.0594
11.7875
10.8219
10.7913
11.0742
13.0419
12.8652
14.2532
13.637
15.209
15.9195
16.2958
16.3033
16.7122
17.8302
19.707
21.463
23.1812
24.5803
26.3368
29.1538
31.4832
33.2419
34.4789
35.6398
37.2173
39.3543
40.7758
41.258
40.454
38.9133
35.7893
36.4012
34.4595
32.9562
30.7307
25.7393
14.0627
-2.71354
-16.4767
-25.4531
-37.171
-54.2077
-85.5976
-144.876
-182.802
-213.585
-193.715
-154.251
-95.9447
-61.6136
-52.8204
-23.8
-3.59395
13.4086
21.618
24.9005
25.5867
26.0574
25.3937
27.5857
27.8033
26.5371
24.4473
23.5718
22.8511
21.3475
20.2151
17.4589
13.8023
10.6895
8.10834
5.88831
3.40392
0.714263
-3.62744
-4.78926
-6.59792
-8.90356
-11.2524
-13.5284
-15.2037
-16.1892
-16.8112
-17.5268
-18.2159
-19.3547
-20.4085
-21.8989
-22.2539
-22.9384
-23.5351
-25.2914
-26.5877
-27.3793
-26.9199
-25.8179
-25.0962
-24.9005
-25.9219
-26.4107
-26.3922
-26.5034
-27.8532
-28.6958
-28.3104
-27.3125
13.193
12.3791
12.9977
12.5992
11.8374
11.0616
10.8786
10.4156
12.03
11.4581
10.491
9.78724
10.7392
10.4174
11.4944
11.3405
11.1536
12.6015
12.5547
12.1052
11.8069
13.0256
13.3004
13.1404
14.5861
14.8344
16.9269
17.2154
16.7473
18.2131
18.7285
19.7032
21.4451
22.9863
25.2171
27.3348
28.9257
30.4365
31.2977
32.4434
34.453
36.8108
38.3699
39.4133
40.1416
39.0715
39.4265
38.2879
35.9134
31.56
30.313
28.1764
22.5518
14.5742
6.87415
5.71922
-6.25704
-27.4495
-44.5456
-59.3373
-115.409
-163.164
-207.857
-214.183
-196.353
-135.567
-82.2176
-56.2427
-29.8211
-6.5085
8.47273
16.317
19.3455
23.0602
26.0177
27.2966
27.0059
27.7804
27.0672
26.3892
26.1412
24.0513
23.4941
20.577
16.6953
13.1487
8.73154
5.73232
3.34728
2.56178
0.527184
-2.89504
-5.40538
-7.78417
-10.6722
-12.6109
-13.716
-14.9268
-16.47
-18.831
-18.6316
-18.5275
-20.2503
-20.6458
-20.8511
-21.2475
-21.9469
-23.8416
-24.0129
-24.3656
-24.1635
-24.1228
-26.5185
-28.1379
-27.0856
-25.9755
-25.6806
-25.8808
-26.894
-28.804
-28.8272
-28.1029
-27.3958
13.3695
12.7481
12.6526
13.1247
12.811
12.2118
11.4796
11.3924
11.9179
11.0594
10.1527
10.2741
10.9258
9.89126
9.20345
10.7141
12.2407
11.6329
10.3318
9.81688
11.5404
12.1485
11.3527
13.1374
14.7909
16.0393
16.9803
17.4881
17.6287
19.0189
20.2587
21.048
21.7978
23.5219
24.3489
25.6502
26.8798
27.7636
28.9638
31.2538
33.0602
35.0232
36.353
37.5583
38.0761
39.026
38.8899
38.4188
36.966
35.3336
32.7365
29.2434
25.3541
22.1206
19.122
11.3641
-5.36822
-22.4236
-38.3643
-54.8297
-78.239
-124.582
-180.446
-207.677
-215.028
-166.062
-114.512
-61.4279
-39.1048
-19.9114
-5.70266
2.98926
12.348
21.7578
27.1686
26.7522
28.9475
28.8358
28.2632
28.4789
27.5087
25.9601
23.2569
19.6208
16.0199
12.1755
9.61061
7.39611
4.47369
0.172439
-1.79461
-3.61279
-7.92735
-9.63359
-11.9467
-13.6493
-15.0735
-14.7204
-15.553
-17.4552
-17.7847
-18.2962
-19.4697
-20.7571
-21.2922
-21.5066
-21.8855
-22.312
-24.6858
-24.7136
-24.0528
-24.8586
-24.9634
-26.6415
-26.3238
-25.5949
-26.504
-27.3417
-27.1378
-26.9853
-28.1773
-28.2616
-27.3002
13.5367
11.1424
11.399
10.7892
11.8772
10.6197
8.83042
9.05939
10.5308
11.9884
11.3428
10.2263
9.57301
10.829
10.2326
10.6842
11.3492
10.7478
11.5797
10.6406
12.4904
12.2593
11.3244
11.933
13.9595
15.0004
15.8722
16.9287
17.7628
18.9554
19.6344
20.1642
21.0934
22.2594
22.0171
23.1602
24.5177
25.977
28.3171
29.793
32.4892
33.3436
34.5624
35.7388
37.8086
39.2449
38.8439
37.7417
36.8913
34.8495
30.3151
30.8016
27.5989
23.9492
18.7922
9.14548
-2.82048
-17.0316
-35.9319
-50.157
-57.4387
-94.1834
-153.637
-194.497
-221.642
-196.527
-158.167
-85.3539
-54.2079
-38.346
-23.1733
-7.38988
12.5658
23.4881
28.6854
30.3679
30.2564
30.3973
29.8776
29.7631
28.418
26.2159
23.5
20.3273
17.1066
14.138
12.9075
9.78538
5.66549
1.191
-2.57386
-5.29207
-6.93776
-10.1203
-10.1125
-14.1125
-16.2166
-17.2698
-16.9093
-18.5254
-19.208
-19.7466
-20.3511
-21.621
-23.7743
-23.0429
-23.4514
-23.1432
-23.7071
-25.5602
-25.0073
-24.7965
-24.6046
-24.423
-24.3957
-26.5113
-26.6086
-26.0107
-27.472
-29.0445
-28.7176
-29.131
-27.1618
13.0821
12.4172
12.7749
12.1673
11.0795
10.4363
11.518
10.9571
10.0713
10.7805
10.4136
10.4167
10.2097
10.0201
11.7467
11.6312
10.7929
9.5253
9.73768
10.5976
11.1085
10.7031
11.4419
12.9965
13.6963
14.2227
14.7733
15.1775
15.9505
16.6486
17.5578
17.3513
17.7491
18.4736
20.1235
22.1683
24.1378
26.3168
27.1993
29.338
30.1322
31.9064
33.6175
35.8624
37.7852
38.2224
35.3842
35.031
35.0687
35.1424
33.3223
30.1595
26.8361
23.162
18.1845
11.4916
2.11017
-17.215
-32.7402
-39.3942
-47.8275
-69.7544
-122.729
-175.1
-211.614
-215.62
-188.48
-111.595
-62.5067
-49.3982
-32.9952
-8.41195
10.2734
22.8081
29.398
31.3602
30.7974
31.0313
30.9203
28.9833
27.9911
25.2731
23.9806
21.5948
18.4151
16.4336
13.7137
9.69232
5.2161
2.1104
-0.013015
-1.85012
-4.2356
-7.80983
-12.7988
-14.9847
-16.4998
-17.7133
-18.7372
-19.5356
-20.1793
-21.0077
-22.2731
-22.0475
-21.5224
-23.1551
-23.3311
-23.5473
-23.3248
-23.1
-23.1404
-24.9713
-25.1262
-24.6582
-24.4418
-24.5022
-25.1708
-25.4586
-25.6752
-26.149
-26.6865
-26.9666
-27.0681
12.5511
11.0076
11.9482
11.3021
11.0251
11.6237
10.1475
8.88668
9.98974
10.4035
9.80947
8.53935
9.16821
10.7402
9.72555
8.75724
10.3736
11.4222
10.4722
9.86966
12.0259
12.1168
11.5649
10.8996
12.9984
12.6314
13.7236
13.4098
13.1837
13.6731
14.39
15.3364
16.9299
21.7489
23.304
23.2439
23.8037
24.8154
26.2675
27.6601
30.4918
32.0904
33.8446
35.4242
36.8883
34.8633
37.1653
36.2578
34.7979
35.054
32.6649
29.6868
26.452
22.8355
18.3079
11.7915
-1.10056
-12.3426
-4.88272
-17.4744
-33.6685
-55.8618
-96.0575
-144.404
-194.897
-226.246
-227.642
-147.013
-81.9906
-56.6183
-33.5065
-10.2165
10.608
23.2123
29.1372
31.3312
27.8428
30.2066
30.669
29.9729
28.8443
27.1555
24.9256
22.0047
19.7345
16.7478
12.8549
9.20963
6.5262
4.3799
1.72757
-1.4096
-5.09693
-9.31661
-12.1392
-13.894
-13.8253
-15.4204
-16.9272
-17.9448
-18.8235
-19.1901
-19.4075
-20.0245
-20.758
-21.4057
-23.8495
-23.7411
-24.3422
-23.8357
-23.8417
-23.8036
-23.9227
-24.0626
-24.2144
-26.3149
-26.3255
-25.715
-25.6109
-27.6154
-28.0693
-27.5708
-26.9395
12.5637
12.5386
12.4446
12.1548
11.3242
9.88375
9.05763
10.4381
11.2807
9.86787
9.02173
10.4802
10.2922
11.4257
11.4451
11.2873
11.5706
11.8247
11.4229
10.4642
9.48691
10.8059
10.9836
12.2813
11.6013
12.479
11.785
12.3015
13.166
13.9727
14.9244
16.4048
20.0429
22.2261
22.8339
21.389
22.5087
24.7016
26.0533
28.052
30.0576
32.2898
33.6194
34.4873
35.1725
36.158
34.1209
35.286
35.5409
34.1415
32.4885
29.1859
25.6274
22.1541
17.8354
11.0919
4.60983
8.62076
4.32976
-7.41917
-25.7201
-46.2237
-64.2873
-116.543
-176.314
-217.623
-239.161
-175.561
-113.376
-61.6354
-40.816
-16.9649
4.55182
17.8354
26.0969
30.4917
32.4386
32.1877
30.757
30.145
27.2317
27.9703
25.3254
23.2099
20.633
17.0845
13.737
10.9904
8.60443
5.21979
1.64174
-2.15944
-6.04087
-8.63476
-10.3904
-11.0213
-12.585
-13.6168
-15.0077
-16.3108
-17.9904
-18.5909
-19.0099
-19.7594
-21.1127
-22.6034
-22.4666
-22.6771
-24.0302
-24.9348
-26.1797
-25.2724
-24.3837
-25.8921
-27.0905
-27.9033
-26.8983
-25.8095
-25.5023
-25.8551
-26.371
-26.6418
-26.736
12.6079
10.8537
10.6643
12.2807
12.2987
12.3114
11.6371
10.3279
9.6746
11.3066
10.9671
10.0231
9.35975
10.1438
9.68102
10.9335
10.2855
8.81859
9.15985
9.42891
10.0097
9.89233
11.7414
11.4369
10.9088
11.3672
11.892
12.7148
13.8305
15.4827
16.5727
18.3271
19.331
21.1836
19.8633
21.5176
23.7461
24.7964
26.0209
27.8627
29.2546
30.2639
31.6931
33.1844
32.5916
33.5957
34.5942
34.4902
34.3686
32.4729
31.3187
28.4558
25.2428
22.4103
19.0246
15.6816
15.1872
13.5779
9.24169
-0.85065
-15.9945
-35.2494
-56.8115
-86.9709
-155.912
-205.116
-239.822
-201.895
-145.61
-80.63
-51.9345
-30.0309
-8.95545
7.80682
21.6209
30.5865
32.7257
30.9941
30.6957
28.1523
28.5906
27.1314
26.3631
24.3928
21.7836
19.0822
16.5669
13.5454
9.65677
6.05334
2.2322
-1.7314
-4.47277
-6.32048
-7.82023
-9.29707
-10.8673
-12.8737
-14.8929
-16.186
-18.9575
-19.1322
-19.0397
-20.3734
-22.0871
-23.9532
-24.3613
-23.6108
-23.0546
-24.9468
-25.1107
-24.2529
-23.8677
-24.529
-24.4317
-24.3125
-24.4268
-26.2715
-26.5101
-28.0741
-28.5464
-29.6197
-26.5684
12.2407
11.1717
10.8044
10.5631
11.854
12.1989
12.1262
11.9333
11.6189
11.3119
10.8818
10.2615
9.94126
10.7254
10.4278
10.1769
8.95223
9.45013
10.6526
9.8983
10.5822
9.18478
9.19473
9.86574
11.2861
11.418
12.4758
13.2324
13.9012
15.0158
16.6444
17.5958
19.5981
18.3012
18.2377
21.9604
23.0637
22.5421
24.946
26.1547
27.4244
28.4296
30.6764
31.6956
32.7847
32.5394
32.0256
33.1493
33.6022
33.2442
30.7741
28.619
26.3508
22.9233
20.0047
18.38
13.8685
13.981
10.3447
2.95985
-10.889
-29.016
-55.0308
-62.6827
-116.912
-170.241
-225.064
-216.89
-176.538
-109.486
-61.6228
-43.4926
-22.9871
-0.81501
20.1582
30.3813
33.8878
32.8729
31.1229
29.1707
27.5161
27.3375
26.2883
24.0166
22.5536
20.3426
17.112
13.6994
10.1956
6.32315
2.85702
0.206816
-1.75274
-4.01029
-6.43344
-8.60664
-11.2263
-13.8291
-16.1538
-17.4373
-17.856
-18.6236
-19.6975
-21.3227
-21.5646
-22.6
-23.9411
-25.5858
-24.5428
-23.3785
-22.9852
-24.6314
-24.7104
-24.17
-25.2142
-26.6216
-26.1159
-26.5851
-28.3313
-28.7958
-29.3893
-30.3263
-26.4855
11.8565
10.5899
10.188
10.9923
11.7268
11.3629
10.7719
10.51
11.1709
10.6908
9.7213
8.46974
8.59213
10.5562
11.2462
11.3089
11.412
11.2054
10.3926
9.71634
11.2225
10.1594
8.85951
10.1321
9.52813
10.809
10.993
11.9563
13.3607
15.0937
17.0951
18.0956
18.1097
16.365
20.3021
19.2149
20.2405
23.0169
23.3906
25.3679
26.4164
28.1964
28.8347
29.9532
30.7564
32.4011
33.2807
31.6722
33.5349
32.9998
31.3888
28.4679
25.9933
23.1187
17.916
15.8799
13.113
9.68746
5.763
-1.02363
-10.2976
-43.2913
-48.9764
-57.073
-80.6574
-135.287
-199.84
-218.452
-206.567
-140.224
-82.3162
-54.8942
-32.8162
-7.2763
13.8516
28.3608
34.2071
34.0937
31.2934
29.0983
27.4343
24.4692
24.5456
22.4998
20.2516
18.0086
14.826
11.5433
8.53072
6.14214
4.1188
2.04165
-0.598554
-3.9025
-6.87802
-10.236
-12.2999
-15.3154
-16.9663
-18.1178
-19.1448
-19.9753
-20.6082
-20.5632
-20.9076
-22.9972
-23.3934
-23.3871
-25.3338
-25.6549
-25.0561
-24.5045
-24.9135
-24.5535
-24.7612
-24.64
-25.0158
-25.2133
-26.8928
-27.1706
-26.8518
-26.6135
-26.4739
11.9362
10.6495
10.9358
11.8614
11.8315
11.8155
11.6722
11.1381
10.3658
9.98335
10.4474
9.94067
9.67708
11.0454
10.7454
9.90438
9.43135
11.632
11.9232
11.7512
11.6498
11.3892
10.8655
11.3152
11.5763
11.9273
10.8908
11.586
11.9296
14.6634
15.8079
14.0911
14.9099
18.9962
18.5223
21.7821
21.5076
22.0774
24.0302
24.8386
26.5544
27.5217
28.7644
29.7751
31.5139
31.1908
30.8878
30.9907
32.5396
29.6288
30.8103
27.842
26.128
22.6004
19.2688
14.7824
9.24511
2.58213
-4.74547
-18.8008
-28.7768
-16.5384
-28.1474
-44.3737
-59.8247
-103.952
-162.753
-195.184
-208.739
-167.129
-113.431
-62.6934
-41.9054
-18.0008
7.15918
25.6849
35.1206
35.5835
33.0462
29.7553
26.5512
26.4508
25.6576
23.1816
20.3691
16.9759
14.0003
10.6936
7.4891
4.38369
2.16972
0.432618
-1.96128
-4.65496
-8.08529
-10.8861
-13.4846
-14.8102
-14.9044
-16.4617
-18.0972
-19.2976
-19.5403
-20.1918
-20.9621
-21.4417
-23.1301
-23.1118
-24.9059
-24.5602
-24.2358
-23.7844
-24.6352
-24.4206
-24.0143
-23.9915
-24.3679
-26.3373
-26.758
-27.719
-29.0599
-28.418
-26.426
12.034
9.0152
10.467
10.9903
10.3753
10.2506
9.94975
11.1085
10.4278
10.339
11.2134
11.1808
11.1971
11.3278
11.4843
11.6544
11.7088
11.5383
10.7397
9.57701
9.99335
8.54273
9.70736
10.6076
11.8682
11.6974
12.5728
12.5519
13.6285
12.5502
13.1473
16.3392
17.3444
17.7148
19.9385
22.5639
23.5493
24.0553
25.1636
25.8749
26.1939
26.9209
27.9807
29.3065
30.0447
30.8845
30.4799
31.8308
31.1205
31.0971
30.0445
28.4869
26.5005
23.2996
19.3182
15.1591
9.81975
3.90037
-5.49587
-1.49446
-4.02355
-7.53098
-19.1469
-38.9596
-55.2418
-78.5843
-130.918
-170.494
-208.084
-187.25
-152.266
-87.7642
-52.7888
-27.6714
-0.717042
20.0354
32.5264
34.9511
33.5032
29.1588
26.8711
24.744
24.8364
23.8152
20.9645
18.8765
15.3083
12.1664
8.89857
4.97869
0.527788
-2.62552
-5.04705
-7.24633
-9.29422
-11.005
-12.248
-12.0719
-13.2912
-15.466
-17.6897
-20.2353
-19.7764
-21.4847
-23.3576
-24.361
-23.3147
-22.4783
-22.4604
-23.7877
-23.7316
-23.3886
-23.3631
-24.0988
-24.0984
-24.0411
-24.3163
-24.7958
-25.2903
-27.6378
-28.0766
-28.2487
-26.3985
11.8241
9.34442
9.96154
8.98332
9.52161
10.0868
11.2327
10.9401
10.5162
9.97706
9.14297
9.01052
9.96826
9.4853
9.45141
8.37581
9.89383
10.7102
9.80742
9.64299
10.2706
9.84046
9.73373
10.341
11.3972
11.9171
12.1954
12.283
13.8284
14.1629
14.2711
15.1801
15.5352
18.5776
20.3246
20.8042
21.4698
22.8086
23.245
23.8862
24.7283
25.4305
27.358
28.897
30.483
31.0281
30.4835
28.495
29.8812
27.8982
26.8374
27.4587
25.0813
22.1148
17.2186
15.4716
13.5332
9.7193
7.19362
5.49285
2.10775
-6.34239
-19.5841
-34.2235
-47.7864
-60.356
-96.0428
-141.41
-187.285
-183.812
-161.348
-109.751
-62.7364
-39.6798
-14.0669
9.24988
26.1585
33.6622
34.0504
31.062
28.0331
25.6723
22.5545
22.4319
21.6713
20.2682
17.3697
13.4556
9.71546
6.13756
3.23162
0.149129
-3.97319
-6.51001
-8.49952
-10.2374
-11.4451
-12.0372
-13.2324
-14.9883
-17.1642
-19.2436
-20.5854
-21.4605
-21.8021
-22.1539
-21.9212
-22.3472
-24.6663
-24.4613
-24.4669
-23.9905
-24.401
-25.5663
-25.1531
-26.2674
-26.8085
-26.3686
-26.0688
-26.1744
-27.6094
-29.5374
-26.5736
11.634
10.3274
9.84441
10.2679
10.0453
10.4587
9.71516
9.26522
9.69774
8.65339
7.30353
7.63431
8.24818
9.8003
10.998
10.7301
9.96348
9.46688
9.49547
7.63726
7.62299
8.95915
10.0714
10.6436
10.539
9.37094
11.1132
11.7811
12.4199
11.4437
11.4817
11.8133
12.5055
17.4145
18.0493
15.6968
19.1819
20.1917
20.4684
21.28
22.6495
26.6977
28.3168
29.296
29.5145
29.5436
27.479
28.8483
29.9447
26.765
28.294
26.5549
24.1732
20.1951
17.8295
16.687
14.2108
8.41797
8.69677
5.44651
0.346183
-6.6822
-15.4894
-26.772
-40.1732
-55.2877
-71.2066
-111.903
-162.918
-172.365
-162.924
-130.747
-85.7237
-50.5623
-26.4562
-1.71165
18.7139
30.8376
33.8107
30.8928
27.5124
25.5174
23.4729
20.4648
18.5199
19.4679
17.6851
14.8996
11.3893
7.89856
4.60253
1.06561
-1.8192
-3.86534
-6.72446
-9.48178
-12.1501
-14.1681
-15.4315
-16.009
-17.6353
-20.0466
-21.4302
-22.0275
-23.2889
-24.4483
-24.6623
-24.6784
-25.8306
-26.1931
-26.0571
-25.4514
-24.5063
-25.5719
-25.3832
-24.9425
-25.0062
-26.3452
-27.9074
-27.8026
-27.2582
-28.4726
-26.7607
11.8796
9.83754
9.35666
10.753
10.8642
10.5785
10.6797
10.5592
10.5061
10.6439
10.4753
9.81099
9.36096
10.4933
10.1955
10.7514
9.53706
8.14472
9.06509
10.6255
10.7887
9.86338
8.8965
10.3913
9.61474
10.8417
10.0158
10.387
10.8463
11.0714
11.9119
14.7086
15.8406
13.556
14.3702
18.2092
16.8247
17.7068
18.8763
20.3209
23.9027
25.5574
27.2053
27.6147
26.4638
27.1823
28.3306
29.5807
28.599
27.5366
28.3842
25.6643
23.8017
21.4036
18.4355
15.3702
12.7198
9.41675
5.99013
3.0961
1.36295
-4.07421
-12.1987
-23.2764
-36.8383
-49.8537
-61.0203
-92.8546
-133.752
-150.764
-158.269
-133.896
-98.2099
-58.007
-35.5631
-9.81074
12.9046
25.9893
30.8492
29.4783
24.1518
24.3671
23.5047
21.9357
20.2469
16.2963
17.2391
15.7277
13.0123
9.25713
5.77614
2.4871
0.347914
-2.53766
-5.37989
-8.21547
-11.1631
-13.7115
-16.0129
-17.6591
-18.8683
-18.8937
-19.8383
-20.7976
-22.041
-22.2677
-21.8952
-21.9417
-22.2132
-22.6797
-23.9587
-24.0005
-23.7516
-24.7689
-24.9941
-24.8903
-25.0728
-25.4507
-26.7049
-27.0723
-28.022
-29.1009
-26.7808
12.1285
10.2066
10.152
9.51045
10.7144
10.0241
9.39324
9.35219
8.98759
10.1513
9.75597
9.5674
9.57197
10.3134
10.8689
9.46612
7.95174
8.36069
7.33509
8.55998
9.09456
7.02752
8.07728
9.57387
11.1445
11.4831
11.3994
10.9128
11.491
12.881
14.3218
16.0475
17.3389
17.2739
17.5105
19.4289
20.0244
18.5258
19.0798
19.9739
21.0273
22.5918
23.9396
24.9252
27.7421
28.2569
29.0135
29.5941
28.739
25.3157
26.027
27.1333
25.0613
22.7412
19.2151
14.9428
10.5251
6.86973
1.98489
-1.70573
-1.43634
-4.36904
-10.6876
-20.9907
-32.9187
-46.2332
-57.0233
-75.5101
-106.453
-129.665
-145.006
-135.194
-106.534
-63.1574
-42.6815
-18.1699
5.03555
18.8176
26.0288
27.0852
25.0331
21.9313
22.3188
21.5451
19.3884
16.7014
12.8465
13.9542
12.4922
10.3196
7.55819
4.55343
1.63801
-1.38677
-4.46008
-7.16197
-9.43426
-11.3276
-13.334
-15.3159
-16.6863
-18.0213
-19.4749
-21.2268
-22.2108
-23.4403
-23.6956
-22.8757
-22.6486
-24.5263
-24.417
-25.4518
-24.9705
-24.2569
-25.9535
-26.2386
-25.8489
-25.7172
-26.912
-27.56
-27.7018
-27.344
-26.7758
11.9372
11.1098
10.0118
9.17673
10.1525
9.81754
8.77039
8.4108
9.67911
9.11824
8.65242
9.91766
10.2268
10.1655
9.3713
9.11647
9.28948
10.7908
10.372
9.82252
9.95291
9.8474
8.85737
9.96733
10.5791
11.2448
11.9953
11.9814
12.7169
13.9601
15.3658
16.0399
18.2478
19.3075
19.3087
18.547
20.8696
20.8308
21.3724
21.5452
23.2831
23.2328
24.2116
25.8034
27.4017
25.8791
28.4488
27.1361
27.2736
27.3449
27.12
26.0476
25.5979
23.1888
19.2924
14.5002
9.74561
4.83309
-0.298371
-5.79278
-9.99192
-9.45696
-11.7069
-20.3478
-31.6418
-43.6665
-54.7736
-67.3605
-86.8515
-105.851
-113.337
-102.921
-85.1498
-58.9689
-43.5688
-22.8444
-3.06592
11.5123
20.1704
23.0179
21.657
21.632
20.8207
20.0136
18.7786
16.4726
13.8036
8.72265
7.56379
8.42532
6.23775
4.87665
1.19291
-2.32954
-5.51501
-8.35518
-10.7211
-11.3928
-13.2023
-15.3172
-17.1795
-18.3912
-20.3638
-20.4088
-20.4572
-20.7551
-22.448
-22.6876
-23.4853
-25.5839
-24.9903
-23.9797
-23.644
-25.7607
-26.5371
-25.9516
-27.1936
-27.1266
-27.4035
-27.3037
-27.1149
-28.7683
-26.8755
11.7586
9.30195
9.59154
10.5553
9.94627
10.0217
9.97389
10.026
10.033
10.0287
9.78925
9.71409
9.44527
11.2108
10.3703
9.19966
9.28631
9.80533
9.28838
10.373
10.0578
9.48893
8.59114
10.067
9.51773
11.2734
12.1862
12.4372
12.6434
13.7575
15.0658
16.8467
18.6264
19.3093
18.8985
18.9343
19.5886
20.7849
21.4539
22.1046
22.3657
24.8122
26.1005
25.7926
26.9023
27.0349
26.9171
26.2583
26.1146
26.527
23.6123
22.9549
25.0768
22.294
17.4739
13.9432
10.063
6.18687
4.02504
-0.163089
-11.7136
-19.6079
-17.3025
-21.057
-30.0191
-41.5027
-51.7985
-60.0796
-71.7364
-82.5577
-84.7733
-79.6062
-66.4127
-55.6924
-42.191
-25.8051
-9.5268
3.64051
13.0807
17.3083
18.8556
18.3959
18.9749
17.8926
18.2935
16.5846
12.3421
12.0791
4.80384
2.83819
4.68691
3.74237
1.18103
-2.63205
-6.18544
-9.25094
-12.254
-13.3439
-14.9754
-18.3377
-19.252
-19.8587
-19.3796
-20.8295
-21.7106
-21.6944
-21.5339
-21.9119
-22.6218
-23.0964
-24.5889
-24.6014
-24.0781
-25.6106
-26.4189
-26.3205
-27.66
-28.3001
-27.5515
-28.622
-28.477
-27.6886
-26.9558
11.921
8.79717
8.83692
8.69938
8.28655
6.83521
8.10689
9.6293
8.95086
8.22708
8.7621
10.67
10.5005
10.8674
9.63113
9.03773
10.9637
10.5302
9.82813
8.9097
8.91093
9.60242
8.87055
10.43
10.1132
11.1508
11.4195
11.2725
12.6021
13.3337
13.4131
15.8449
17.2418
17.5268
16.2088
17.2487
18.1739
19.474
20.7179
22.8429
23.1537
24.1379
26.9255
27.6933
27.3376
26.8246
25.11
25.2703
24.7739
25.2124
23.8218
25.3902
24.3195
21.4039
18.9363
15.8532
11.4967
6.47744
1.61818
-0.362685
-5.29559
-16.8113
-29.5518
-26.1197
-31.0758
-39.6977
-49.938
-58.941
-67.736
-74.7142
-76.6401
-72.3456
-63.9191
-53.637
-42.7301
-29.2114
-15.5537
-3.16806
6.8644
12.6087
14.743
17.2497
18.1722
19.0033
17.1104
15.2738
14.545
9.46016
8.32613
1.31421
-0.94953
0.814299
-0.0482839
-2.58493
-5.42656
-8.52779
-11.6912
-16.1599
-17.2943
-16.6297
-17.5783
-19.4116
-18.8468
-19.088
-21.5765
-21.8083
-23.8633
-23.6553
-23.1613
-24.3826
-25.8389
-25.0286
-25.5649
-25.123
-24.7084
-24.8725
-25.3489
-25.7523
-27.2054
-27.498
-28.7939
-28.5172
-26.9286
12.0272
11.9252
11.6429
10.9669
10.4593
9.72351
9.0661
8.52825
7.94363
9.16227
9.853
9.2061
10.1043
11.2734
10.3994
9.67121
9.68516
8.5634
9.50848
8.69424
8.5497
9.07663
8.66529
8.54883
9.00809
8.92189
10.0037
10.3239
10.4591
10.828
12.1129
13.0848
14.2574
15.2968
17.0575
17.8309
18.4365
19.2718
21.1844
22.9229
24.5351
25.7493
26.4049
26.8743
24.6104
24.3943
26.3566
26.4491
25.9778
25.8774
25.5732
25.4642
23.8952
20.3642
20.2479
16.3008
11.0964
5.54197
-1.66036
-6.31011
-7.90348
-13.6837
-24.6726
-39.4709
-42.9348
-41.6374
-54.7638
-57.7064
-63.708
-65.9494
-67.1736
-64.718
-58.9839
-54.0224
-45.047
-33.6234
-21.3164
-8.84949
1.15534
5.77857
10.4141
15.6038
19.18
19.4203
17.8743
17.2283
15.6916
12.0471
5.75911
2.39689
-1.58668
-4.35393
-2.25526
-4.29686
-6.85445
-8.86744
-14.2942
-13.3372
-14.2363
-14.647
-15.4056
-16.0794
-17.0888
-19.8071
-21.2084
-21.3213
-23.7487
-23.7427
-23.9794
-23.6674
-23.3899
-23.3814
-24.8589
-24.8923
-26.1834
-27.5581
-27.1549
-26.4835
-26.2136
-26.5881
-26.881
-26.9539
-26.8908
11.8024
11.7578
11.4329
10.3111
8.82668
8.14302
9.65229
9.74407
9.92384
10.2325
10.2362
10.5236
10.9375
9.72968
9.24948
10.8393
10.4796
10.5277
10.3146
9.92428
8.75217
7.17689
8.14966
9.45035
10.2836
10.434
10.789
11.6348
11.9487
11.4996
11.8496
14.1071
16.4609
16.9188
17.4432
19.2332
19.8792
20.4522
21.7578
22.6386
24.3416
25.149
25.5646
24.9921
23.2808
25.7011
25.3105
26.2527
25.8864
25.7184
22.2104
24.8079
22.7101
21.8079
19.261
15.2271
10.3514
4.56014
-0.60262
-8.86746
-16.4984
-23.2726
-31.5206
-38.5878
-46.2973
-50.9217
-53.4043
-55.8289
-59.6269
-63.082
-61.3476
-61.5318
-56.5138
-52.7794
-46.9636
-37.846
-26.9771
-16.1873
-7.71394
-0.249651
8.39665
14.7731
18.3802
19.5551
17.956
18.1244
15.4579
11.5216
8.6506
6.22787
2.89386
-0.460982
-7.04375
-9.15868
-10.9044
-12.46
-10.8461
-10.8514
-12.0873
-13.6103
-14.7994
-16.1037
-17.4019
-20.3756
-20.7732
-21.511
-22.263
-24.0759
-24.1337
-23.5775
-23.6256
-23.6202
-25.4349
-25.3286
-24.8399
-25.8047
-26.1736
-26.1999
-26.9142
-28.4239
-28.2972
-27.564
-26.9139
11.685
9.69684
8.70202
8.7606
8.2013
7.92615
8.09529
7.83381
9.01768
8.67334
8.77155
10.9068
10.0317
9.32154
10.8224
9.28704
7.88229
8.89235
10.1229
9.70189
8.62649
7.26523
7.09522
7.65643
8.30339
10.3969
11.5171
12.5865
13.4514
14.0542
13.6949
13.6498
17.4209
18.4468
19.136
19.7671
20.2718
20.9191
21.317
21.8102
22.8784
23.5027
21.7504
22.3295
25.4341
24.2824
25.7748
23.6848
24.6888
24.7398
25.1107
24.8658
23.4994
21.8139
18.455
15.1357
10.9444
6.98442
1.43707
-5.08881
-13.7169
-21.9734
-28.7405
-33.7245
-33.1944
-39.8475
-45.7116
-50.8653
-55.2639
-57.4325
-58.0905
-56.8166
-52.7012
-49.1002
-44.223
-37.6089
-29.5283
-20.4258
-10.1504
1.99405
10.5587
15.3754
18.5015
19.8093
19.1434
17.7561
15.7856
13.4721
11.5752
8.65346
5.44001
1.40185
-2.13958
-4.57577
-7.35987
-8.57143
-9.0215
-10.5085
-11.7495
-12.945
-14.9747
-16.8305
-18.0459
-19.8098
-21.0932
-23.4141
-23.1201
-22.6994
-22.8947
-23.059
-24.2723
-24.2306
-25.3268
-25.1025
-24.7377
-24.9334
-26.0686
-26.5007
-26.5533
-28.5441
-28.6083
-29.0712
-26.9302
11.6804
10.4644
9.83902
9.48022
8.26625
8.17888
7.58502
8.57485
9.75945
10.3254
10.4362
9.80232
8.734
9.55817
11.2369
10.334
8.98614
7.70359
8.27191
6.56634
7.55913
9.31616
9.16032
9.83016
9.87682
10.625
9.75973
12.0545
11.7445
15.0428
16.2704
16.7385
15.2459
16.112
16.818
17.4235
17.9837
17.6343
19.1103
19.6643
20.204
20.8516
24.4195
24.9633
25.9206
26.4542
23.919
23.4877
25.4453
25.8831
25.668
24.7514
21.3832
21.4372
19.4816
16.1443
13.2751
9.40534
4.38596
-1.6036
-6.63977
-12.4925
-18.1886
-23.0538
-28.8222
-35.2659
-42.4066
-48.6963
-53.7123
-58.1822
-60.9931
-55.768
-50.9164
-45.6209
-38.9322
-31.7481
-23.9028
-13.9409
-2.95889
5.79051
12.9263
16.8543
19.1553
19.2306
19.3285
18.2351
16.4503
14.4564
12.0112
9.22584
6.85215
3.85665
0.668885
-2.55695
-6.05239
-6.43852
-7.8207
-9.33567
-11.096
-13.9199
-15.0195
-16.2241
-18.8223
-21.2652
-20.932
-20.8457
-21.3688
-24.2743
-24.4302
-24.429
-23.9042
-24.2052
-24.2217
-24.1354
-24.3855
-25.616
-26.0896
-26.7537
-26.9778
-28.5393
-28.4481
-27.655
-26.9216
11.6804
11.6983
11.5661
10.9997
10.4238
9.83526
9.44869
9.52394
9.7956
10.5001
11.1011
11.635
11.8427
11.708
11.3823
10.9128
10.6075
10.3654
10.2936
10.3803
10.5493
10.7916
11.0896
11.3973
11.7737
12.2702
12.8112
13.5539
14.4087
15.369
16.4599
17.494
18.5145
19.2926
19.9833
20.531
21.0988
21.8688
22.7192
23.8393
25.0219
26.164
27.1037
27.6172
27.8628
27.6638
27.4428
27.0509
26.6276
26.2547
25.854
25.3063
24.3537
22.9418
20.9713
18.3984
15.4172
11.9401
8.08046
4.00857
-0.653916
-5.57971
-10.9965
-17.4093
-24.5385
-31.9751
-39.9574
-47.0569
-53.2002
-56.8032
-57.4077
-55.134
-49.3723
-41.0209
-31.1138
-19.7908
-9.17421
0.728135
8.66753
14.2963
18.0799
19.9106
20.5682
20.4557
19.7845
18.8382
17.6551
16.1291
14.4296
12.1942
9.7954
6.90757
3.97603
1.05187
-1.83523
-4.44993
-6.94084
-9.04158
-11.0019
-12.7136
-14.2387
-15.669
-16.8291
-18.0022
-19.1006
-20.2397
-21.226
-22.0525
-22.7462
-23.0283
-23.1378
-23.316
-23.6426
-23.9064
-24.257
-24.8039
-25.4034
-25.919
-26.2877
-26.578
-26.7955
-26.8812
-26.9217
