# 1: Time step number
# 2: Time (years)
# 3: Time step size (years)
# 4: Number of mesh cells
# 5: Number of Stokes degrees of freedom
# 6: Number of temperature degrees of freedom
# 7: Number of degrees of freedom for all compositions
# 8: Number of nonlinear iterations
# 9: Iterations for temperature solver
# 10: Iterations for Stokes solver
# 11: Velocity iterations in Stokes preconditioner
# 12: Schur complement iterations in Stokes preconditioner
# 13: Minimal value for composition sediment_age
# 14: Maximal value for composition sediment_age
# 15: Global mass for composition sediment_age
# 16: Minimal value for composition noninitial_plastic_strain
# 17: Maximal value for composition noninitial_plastic_strain
# 18: Global mass for composition noninitial_plastic_strain
# 19: Minimal value for composition plastic_strain
# 20: Maximal value for composition plastic_strain
# 21: Global mass for composition plastic_strain
# 22: Minimal value for composition viscous_strain
# 23: Maximal value for composition viscous_strain
# 24: Global mass for composition viscous_strain
# 25: Minimal value for composition sediment
# 26: Maximal value for composition sediment
# 27: Global mass for composition sediment
# 28: Minimal value for composition sediment_thick
# 29: Maximal value for composition sediment_thick
# 30: Global mass for composition sediment_thick
# 31: Minimal value for composition crust_upper
# 32: Maximal value for composition crust_upper
# 33: Global mass for composition crust_upper
# 34: Minimal value for composition crust_lower
# 35: Maximal value for composition crust_lower
# 36: Global mass for composition crust_lower
# 37: Minimal value for composition mantle_lithosphere
# 38: Maximal value for composition mantle_lithosphere
# 39: Global mass for composition mantle_lithosphere
# 40: Minimal value for composition asthenosphere
# 41: Maximal value for composition asthenosphere
# 42: Global mass for composition asthenosphere
# 43: Outward heat flux density for boundary with id 0 ("left") (W/m^2)
# 44: Outward heat flux density for boundary with id 1 ("right") (W/m^2)
# 45: Outward heat flux density for boundary with id 2 ("front") (W/m^2)
# 46: Outward heat flux density for boundary with id 3 ("back") (W/m^2)
# 47: Outward heat flux density for boundary with id 4 ("bottom") (W/m^2)
# 48: Outward heat flux density for boundary with id 5 ("top") (W/m^2)
# 49: Outward heat flux through boundary with indicator 0 ("left") (W)
# 50: Outward heat flux through boundary with indicator 1 ("right") (W)
# 51: Outward heat flux through boundary with indicator 2 ("front") (W)
# 52: Outward heat flux through boundary with indicator 3 ("back") (W)
# 53: Outward heat flux through boundary with indicator 4 ("bottom") (W)
# 54: Outward heat flux through boundary with indicator 5 ("top") (W)
# 55: Outward mass flux through boundary with indicator 0 ("left") (kg/yr)
# 56: Outward mass flux through boundary with indicator 1 ("right") (kg/yr)
# 57: Outward mass flux through boundary with indicator 2 ("front") (kg/yr)
# 58: Outward mass flux through boundary with indicator 3 ("back") (kg/yr)
# 59: Outward mass flux through boundary with indicator 4 ("bottom") (kg/yr)
# 60: Outward mass flux through boundary with indicator 5 ("top") (kg/yr)
# 61: Average density (kg/m^3)
# 62: Average viscosity (Pa s)
# 63: Total mass (kg)
# 64: System matrix memory consumption (MB) 
# 65: Triangulation memory consumption (MB) 
# 66: p4est memory consumption (MB) 
# 67: DoFHandler memory consumption (MB) 
# 68: AffineConstraints<double> memory consumption (MB) 
# 69: Solution vector memory consumption (MB) 
# 70: Peak virtual memory usage (VmPeak) (MB) 
# 71: Number of advected particles
# 72: Particle file name
# 73: Minimal pressure (Pa)
# 74: Average pressure (Pa)
# 75: Maximal pressure (Pa)
# 76: Minimal temperature (K)
# 77: Average temperature (K)
# 78: Maximal temperature (K)
# 79: Average nondimensional temperature (K)
# 80: Minimum topography (m)
# 81: Maximum topography (m)
# 82: RMS velocity (m/year)
# 83: Max. velocity (m/year)
# 84: Visualization file name
# 85: Surface visualization file name
 0 0.000000000000e+00 0.000000000000e+00 18000 489198 156131 1561310 3  0 244 247 2564  0.00000000e+00 0.00000000e+00 0.00000000e+00  0.00000000e+00 0.00000000e+00 0.00000000e+00 -7.19992535e-05 1.98999237e+00 7.80980816e+13 -1.90396581e-04 1.93790749e+00 7.81142721e+13  0.00000000e+00 0.00000000e+00 0.00000000e+00  0.00000000e+00 0.00000000e+00 0.00000000e+00 0.00000000e+00 1.00000000e+00 7.50000000e+14  0.00000000e+00 1.00000000e+00 5.56065776e+14  0.00000000e+00 1.00000000e+00 2.35393422e+15 0.00000000e+00 1.00000000e+00 1.74000000e+15 2.24129871e-01 2.24129871e-01 0.00000000e+00 0.00000000e+00 -3.05724327e-01 6.49971095e-02 4.03433768e+09 4.03433768e+09 0.00000000e+00 0.00000000e+00 -1.10060758e+10 2.33989594e+09 1.39543808e+11 1.39574192e+11 0.00000000e+00 0.00000000e+00 -2.89165140e+11  8.02790324e+02 3.10132375e+03 4.66874263e+22 1.67471482e+19 331.7622 7.0777 3.3176 2.7821 8.2806 7.4447 0.0000 1170000 fastscape_sep_4_2026_changed_end_time_mesh_refinments_visu_1_topography/particles/particles-00000 -2.75784297e+07 2.18486761e+09 4.56154753e+09 2.73000000e+02 1.19869259e+03 1.59200000e+03 7.01813944e-01  0.00000000e+00 0.00000000e+00 2.03794823e-03 3.50843310e-03 fastscape_sep_4_2026_changed_end_time_mesh_refinments_visu_1_topography/solution/solution-00000 fastscape_sep_4_2026_changed_end_time_mesh_refinments_visu_1_topography/solution_surface/solution_surface-00000 
 1 2.000000000000e+04 2.000000000000e+04 18000 489198 156131 1561310 2 10 133 135 1341  0.00000000e+00 1.06525438e-02 3.42890148e+10 -1.89345891e-05 7.55616068e-04 3.06103316e+11 -1.89345891e-05 1.97429477e+00 7.81111806e+13 -3.09713019e-04 1.98288708e+00 7.90801103e+13  0.00000000e+00 5.32627190e-01 1.71445074e+12  0.00000000e+00 3.30389750e+03 7.72606463e+15 0.00000000e+00 1.00000000e+00 7.48036100e+14  0.00000000e+00 1.00000000e+00 5.40059694e+14  0.00000000e+00 1.00000000e+00 2.37018842e+15 0.00000000e+00 1.00000000e+00 1.73999936e+15 2.24144457e-01 2.24144828e-01 0.00000000e+00 0.00000000e+00 -3.05749606e-01 6.49036542e-02 4.03458987e+09 4.03458671e+09 0.00000000e+00 0.00000000e+00 -1.10069858e+10 2.33653242e+09 1.39602723e+11 1.39603266e+11 0.00000000e+00 0.00000000e+00 -2.89165140e+11 -1.00507806e+06 3.10225785e+03 5.44524625e+22 1.67521863e+19 331.7622 7.0777 3.3176 2.7821 8.2806 7.4447 0.0000 1222113                                                                                                "" -2.96785255e+07 2.18110724e+09 4.56302225e+09 2.73000000e+02 1.19877322e+03 1.59200000e+03 7.01875073e-01 -5.82704867e+00 5.59917669e+00 2.03814192e-03 3.50966815e-03 fastscape_sep_4_2026_changed_end_time_mesh_refinments_visu_1_topography/solution/solution-00001 fastscape_sep_4_2026_changed_end_time_mesh_refinments_visu_1_topography/solution_surface/solution_surface-00001 
 2 4.000000000000e+04 2.000000000000e+04 18000 489198 156131 1561310 2  9 133 135 1342 -8.33254559e-04 1.51100974e-02 4.20398625e+10 -2.28524503e-05 1.74294426e-03 6.17898425e+11 -2.28524503e-05 1.97715399e+00 7.85074628e+13 -3.09701017e-04 1.98288708e+00 8.05816489e+13 -3.20659914e-02 5.33544122e-01 1.88824951e+12 -1.45682385e+02 3.31535787e+03 8.51810319e+15 0.00000000e+00 1.03206599e+00 7.47670239e+14  0.00000000e+00 1.00000000e+00 5.39936753e+14  0.00000000e+00 1.00000000e+00 2.37050510e+15 0.00000000e+00 1.00000000e+00 1.74000016e+15 2.24158904e-01 2.24158854e-01 0.00000000e+00 0.00000000e+00 -3.05727220e-01 6.49162356e-02 4.03479575e+09 4.03486287e+09 0.00000000e+00 0.00000000e+00 -1.10061799e+10 2.33698520e+09 1.39601259e+11 1.39604530e+11 0.00000000e+00 0.00000000e+00 -2.89165140e+11 -1.38203521e+06 3.10227830e+03 5.46247799e+22 1.67523044e+19 331.7622 7.0777 3.3176 2.7821 8.2806 7.4447 0.0000 1225207                                                                                                "" -3.06678347e+07 2.18132692e+09 4.56308012e+09 2.73000000e+02 1.19885318e+03 1.59200000e+03 7.01935690e-01 -7.31024501e+00 7.40205643e+00 2.03946921e-03 3.51009089e-03 fastscape_sep_4_2026_changed_end_time_mesh_refinments_visu_1_topography/solution/solution-00002 fastscape_sep_4_2026_changed_end_time_mesh_refinments_visu_1_topography/solution_surface/solution_surface-00002 
 3 6.000000000000e+04 2.000000000000e+04 18000 489198 156131 1561310 1  9  47  48  483 -6.66657975e-04 1.48366947e-02 5.68036443e+10 -3.34507252e-05 2.93812715e-03 9.30379140e+11 -3.34507252e-05 1.98079700e+00 7.87984098e+13 -3.09689389e-04 1.98288708e+00 8.20601834e+13 -2.53397724e-02 5.34517358e-01 2.10612559e+12 -1.13028267e+02 3.09524815e+03 9.58598531e+15 0.00000000e+00 1.02533977e+00 7.47236337e+14 -1.45025858e-03 1.00000000e+00 5.39846600e+14  0.00000000e+00 1.00000000e+00 2.37081274e+15 0.00000000e+00 1.00000000e+00 1.74000086e+15 2.24173837e-01 2.24171687e-01 0.00000000e+00 0.00000000e+00 -3.05707976e-01 6.48980314e-02 4.03497700e+09 4.03513426e+09 0.00000000e+00 0.00000000e+00 -1.10054872e+10 2.33632976e+09 1.39597665e+11 1.39609024e+11 0.00000000e+00 0.00000000e+00 -2.89165140e+11  7.45689058e+05 3.10229722e+03 5.46801025e+22 1.67524132e+19 331.7622 7.0777 3.3176 2.7821 8.2806 7.4447 0.0000 1227615                                                                                                "" -3.09102024e+07 2.18123459e+09 4.56310176e+09 2.73000000e+02 1.19893274e+03 1.59200000e+03 7.01996015e-01 -9.93806970e+00 9.86766639e+00 2.03871281e-03 3.50883788e-03 fastscape_sep_4_2026_changed_end_time_mesh_refinments_visu_1_topography/solution/solution-00003 fastscape_sep_4_2026_changed_end_time_mesh_refinments_visu_1_topography/solution_surface/solution_surface-00003 
 4 8.000000000000e+04 2.000000000000e+04 18000 489198 156131 1561310 1  9  51  52  522 -6.71118661e-04 2.19382757e-02 7.56396702e+10 -4.13074409e-05 4.29370392e-03 1.24318897e+12 -4.13074409e-05 1.98079700e+00 7.91257523e+13 -3.09680632e-04 1.98288708e+00 8.36444777e+13 -2.53001632e-02 5.35564561e-01 2.32938160e+12 -1.11443354e+02 2.80043424e+03 1.05537452e+16 0.00000000e+00 1.02530016e+00 7.46787276e+14 -1.39590320e-03 1.00000000e+00 5.39720196e+14  0.00000000e+00 1.00000000e+00 2.37116612e+15 0.00000000e+00 1.00000000e+00 1.74000142e+15 2.24189376e-01 2.24183712e-01 0.00000000e+00 0.00000000e+00 -3.05690915e-01 6.48926939e-02 4.03516264e+09 4.03537559e+09 0.00000000e+00 0.00000000e+00 -1.10048729e+10 2.33613757e+09 1.39594295e+11 1.39611010e+11 0.00000000e+00 0.00000000e+00 -2.89165140e+11  5.17497404e+06 3.10231966e+03 5.48325749e+22 1.67525398e+19 331.7622 7.0777 3.3176 2.7821 8.2806 7.4447 0.0000 1229600                                                                                                "" -3.02203715e+07 2.18150780e+09 4.56311627e+09 2.73000000e+02 1.19901214e+03 1.59200000e+03 7.02056208e-01 -1.33825522e+01 1.24675146e+01 2.03594981e-03 3.50582580e-03 fastscape_sep_4_2026_changed_end_time_mesh_refinments_visu_1_topography/solution/solution-00004 fastscape_sep_4_2026_changed_end_time_mesh_refinments_visu_1_topography/solution_surface/solution_surface-00004 
 5 1.000000000000e+05 2.000000000000e+04 18000 489198 156131 1561310 1  9  49  50  501 -6.93258162e-04 2.89291947e-02 9.79599437e+10 -5.10274337e-05 5.72045750e-03 1.55531427e+12 -5.10274337e-05 1.98079700e+00 7.95232094e+13 -3.09676422e-04 1.98288708e+00 8.51885760e+13 -2.64148169e-02 5.36706361e-01 2.54861768e+12 -1.18254191e+02 2.81870210e+03 1.14957317e+16 0.00000000e+00 1.02641482e+00 7.46404820e+14 -1.38642866e-03 1.00040089e+00 5.39570719e+14 -4.00888089e-04 1.00000000e+00 2.37147948e+15 0.00000000e+00 1.00000000e+00 1.74000173e+15 2.24204961e-01 2.24195758e-01 0.00000000e+00 0.00000000e+00 -3.05675260e-01 6.48868784e-02 4.03537695e+09 4.03557121e+09 0.00000000e+00 0.00000000e+00 -1.10043094e+10 2.33592822e+09 1.39591328e+11 1.39610433e+11 0.00000000e+00 0.00000000e+00 -2.89165140e+11  1.10229080e+07 3.10233685e+03 5.47252505e+22 1.67526356e+19 331.7622 7.0777 3.3176 2.7821 8.2806 7.4447 0.0000 1230973                                                                                                "" -3.02099891e+07 2.18138081e+09 4.56315399e+09 2.73000000e+02 1.19909148e+03 1.59200000e+03 7.02116359e-01 -1.59944430e+01 1.46709967e+01 2.03573506e-03 3.50540810e-03 fastscape_sep_4_2026_changed_end_time_mesh_refinments_visu_1_topography/solution/solution-00005 fastscape_sep_4_2026_changed_end_time_mesh_refinments_visu_1_topography/solution_surface/solution_surface-00005 
 6 1.200000000000e+05 2.000000000000e+04 18000 489198 156131 1561310 1  9  48  49  490 -9.43835878e-04 2.90462853e-02 1.18256325e+11 -5.84120047e-05 7.16914978e-03 1.86708099e+12 -5.84120047e-05 1.98079700e+00 7.99013446e+13 -3.09668932e-04 1.98288708e+00 8.67207778e+13 -3.85572499e-02 5.38279352e-01 2.71592107e+12 -2.30624602e+02 2.83768761e+03 1.22291062e+16 0.00000000e+00 1.03855725e+00 7.46048934e+14 -1.37565385e-03 1.00047380e+00 5.39493845e+14 -4.73800473e-04 1.00000000e+00 2.37174541e+15 0.00000000e+00 1.00000000e+00 1.74000195e+15 2.24219506e-01 2.24208944e-01 0.00000000e+00 0.00000000e+00 -3.05660556e-01 6.48857968e-02 4.03562126e+09 4.03572818e+09 0.00000000e+00 0.00000000e+00 -1.10037800e+10 2.33588934e+09 1.39591025e+11 1.39609133e+11 0.00000000e+00 0.00000000e+00 -2.89165140e+11  1.58194151e+07 3.10235309e+03 5.47298940e+22 1.67527255e+19 331.7622 7.0777 3.3176 2.7821 8.2806 7.4447 0.0000 1231985                                                                                                "" -2.99577349e+07 2.18165573e+09 4.56320484e+09 2.73000000e+02 1.19917077e+03 1.59200000e+03 7.02176474e-01 -1.95177739e+01 1.62098454e+01 2.03837803e-03 3.50750699e-03 fastscape_sep_4_2026_changed_end_time_mesh_refinments_visu_1_topography/solution/solution-00006 fastscape_sep_4_2026_changed_end_time_mesh_refinments_visu_1_topography/solution_surface/solution_surface-00006 
 7 1.400000000000e+05 2.000000000000e+04 18000 489198 156131 1561310 1  9  48  49  489 -1.10700366e-03 2.91667191e-02 1.34543264e+11 -7.21303137e-05 8.58646792e-03 2.17745276e+12 -7.21303137e-05 1.98079700e+00 8.02212494e+13 -3.09652158e-04 1.98288708e+00 8.82504563e+13 -4.06812826e-02 5.42599434e-01 2.82859051e+12 -2.29175162e+02 2.70947628e+03 1.27309346e+16 0.00000000e+00 1.04068128e+00 7.45727726e+14 -1.36373935e-03 1.00143589e+00 5.39375135e+14 -1.43588711e-03 1.00000000e+00 2.37207271e+15 0.00000000e+00 1.00000000e+00 1.74000197e+15 2.24232726e-01 2.24223824e-01 0.00000000e+00 0.00000000e+00 -3.05646585e-01 6.48874719e-02 4.03587934e+09 4.03587614e+09 0.00000000e+00 0.00000000e+00 -1.10032771e+10 2.33594972e+09 1.39590653e+11 1.39606061e+11 0.00000000e+00 0.00000000e+00 -2.89165140e+11  1.87947859e+07 3.10237696e+03 5.44938772e+22 1.67528546e+19 331.7622 7.0777 3.3176 2.7821 8.2806 7.4447 0.0000 1232868                                                                                                "" -3.00658676e+07 2.18152420e+09 4.56324178e+09 2.73000000e+02 1.19925005e+03 1.59200000e+03 7.02236579e-01 -2.30205484e+01 1.71993542e+01 2.03901595e-03 3.50787343e-03 fastscape_sep_4_2026_changed_end_time_mesh_refinments_visu_1_topography/solution/solution-00007 fastscape_sep_4_2026_changed_end_time_mesh_refinments_visu_1_topography/solution_surface/solution_surface-00007 
 8 1.600000000000e+05 2.000000000000e+04 18000 489198 156131 1561310 1  8  48  49  490 -1.06042671e-03 3.66090221e-02 1.51734536e+11 -4.85851586e-05 9.95063967e-03 2.48665883e+12 -4.85851586e-05 1.98079700e+00 8.06034404e+13 -3.09622157e-04 1.98288708e+00 8.97663112e+13 -4.37043912e-02 5.46905113e-01 2.92149369e+12 -2.23603307e+02 2.72941011e+03 1.31173193e+16 0.00000000e+00 1.04370439e+00 7.45419840e+14 -1.36356158e-03 1.00931551e+00 5.39321861e+14 -9.31550668e-03 1.00000000e+00 2.37234066e+15 0.00000000e+00 1.00000000e+00 1.74000181e+15 2.24244908e-01 2.24240309e-01 0.00000000e+00 0.00000000e+00 -3.05633260e-01 6.48916828e-02 4.03612461e+09 4.03605554e+09 0.00000000e+00 0.00000000e+00 -1.10027973e+10 2.33610141e+09 1.39593268e+11 1.39603021e+11 0.00000000e+00 0.00000000e+00 -2.89165140e+11  1.93281823e+07 3.10239693e+03 5.44158433e+22 1.67529610e+19 331.7622 7.0777 3.3176 2.7821 8.2806 7.4447 0.0000 1233662                                                                                                "" -2.96690304e+07 2.18181463e+09 4.56325127e+09 2.73000000e+02 1.19932931e+03 1.59200000e+03 7.02296672e-01 -2.63358163e+01 1.80624956e+01 2.03725634e-03 3.50628705e-03 fastscape_sep_4_2026_changed_end_time_mesh_refinments_visu_1_topography/solution/solution-00008 fastscape_sep_4_2026_changed_end_time_mesh_refinments_visu_1_topography/solution_surface/solution_surface-00008 
 9 1.800000000000e+05 2.000000000000e+04 18000 489198 156131 1561310 1  9  48  49  490 -1.85551393e-03 4.13146590e-02 1.70496603e+11 -5.99841321e-05 1.12462169e-02 2.79515943e+12 -5.99841321e-05 1.98039916e+00 8.09886028e+13 -3.09584430e-04 1.98288708e+00 9.12664868e+13 -4.56931695e-02 5.51048089e-01 3.02275498e+12 -2.02654897e+02 2.74861184e+03 1.35038633e+16 0.00000000e+00 1.04569317e+00 7.45098505e+14 -1.34860698e-03 1.00754966e+00 5.39173177e+14 -7.54965814e-03 1.00000000e+00 2.37270890e+15 0.00000000e+00 1.00000000e+00 1.74000156e+15 2.24257080e-01 2.24257152e-01 0.00000000e+00 0.00000000e+00 -3.05620547e-01 6.48958113e-02 4.03633997e+09 4.03628657e+09 0.00000000e+00 0.00000000e+00 -1.10023397e+10 2.33625015e+09 1.39594912e+11 1.39600595e+11 0.00000000e+00 0.00000000e+00 -2.89165140e+11  1.81613210e+07 3.10242508e+03 5.41494160e+22 1.67531106e+19 331.7622 7.0777 3.3176 2.7821 8.2806 7.4447 0.0000 1234370                                                                                                "" -2.97022864e+07 2.18168411e+09 4.56331221e+09 2.73000000e+02 1.19940854e+03 1.59200000e+03 7.02356738e-01 -2.93464074e+01 1.92530444e+01 2.03863571e-03 3.50634764e-03 fastscape_sep_4_2026_changed_end_time_mesh_refinments_visu_1_topography/solution/solution-00009 fastscape_sep_4_2026_changed_end_time_mesh_refinments_visu_1_topography/solution_surface/solution_surface-00009 
10 2.000000000000e+05 2.000000000000e+04 18000 489198 156131 1561310 1  9  47  48  480 -1.80150154e-03 6.08135489e-02 1.99549527e+11 -5.42884851e-05 1.24945849e-02 3.10342138e+12 -5.42884851e-05 1.98107154e+00 8.13168552e+13 -3.09547817e-04 1.98288708e+00 9.27920321e+13 -4.77221528e-02 5.54940716e-01 3.16429938e+12 -2.01320116e+02 2.78761241e+03 1.41944990e+16 0.00000000e+00 1.04772215e+00 7.44705203e+14 -2.99635961e-03 1.00885166e+00 5.39120436e+14 -8.85165521e-03 1.00000000e+00 2.37301287e+15 0.00000000e+00 1.00000000e+00 1.74000130e+15 2.24270403e-01 2.24272668e-01 0.00000000e+00 0.00000000e+00 -3.05608428e-01 6.48990707e-02 4.03652817e+09 4.03656905e+09 0.00000000e+00 0.00000000e+00 -1.10019034e+10 2.33636762e+09 1.39593656e+11 1.39600877e+11 0.00000000e+00 0.00000000e+00 -2.89165140e+11  1.65897566e+07 3.10244716e+03 5.40944997e+22 1.67532274e+19 331.7622 7.0777 3.3176 2.7821 8.2806 7.4447 0.0000 1235054                                                                                                "" -2.95503383e+07 2.18198094e+09 4.56339219e+09 2.73000000e+02 1.19948769e+03 1.59200000e+03 7.02416749e-01 -3.20800985e+01 2.09660620e+01 2.04436918e-03 3.50966871e-03 fastscape_sep_4_2026_changed_end_time_mesh_refinments_visu_1_topography/solution/solution-00010 fastscape_sep_4_2026_changed_end_time_mesh_refinments_visu_1_topography/solution_surface/solution_surface-00010 
11 2.200000000000e+05 2.000000000000e+04 18000 489198 156131 1561310 1  9  47  48  478 -4.73447772e-03 5.59088598e-02 2.31613556e+11 -8.21460791e-05 1.36932952e-02 3.41079964e+12 -8.21460791e-05 1.98173479e+00 8.16435811e+13 -2.16001253e-04 1.98288708e+00 9.42921238e+13 -4.50469779e-02 5.58567248e-01 3.30087989e+12 -2.01523922e+02 2.86135482e+03 1.48351403e+16 0.00000000e+00 1.04504698e+00 7.44396296e+14 -3.01523970e-03 1.00826148e+00 5.39017070e+14 -8.26147538e-03 1.00000000e+00 2.37328801e+15 0.00000000e+00 1.00000000e+00 1.74000103e+15 2.24285498e-01 2.24286132e-01 0.00000000e+00 0.00000000e+00 -3.05596879e-01 6.49024826e-02 4.03671349e+09 4.03687911e+09 0.00000000e+00 0.00000000e+00 -1.10014877e+10 2.33649057e+09 1.39591385e+11 1.39603930e+11 0.00000000e+00 0.00000000e+00 -2.89165140e+11  1.62952881e+07 3.10246476e+03 5.38680711e+22 1.67533199e+19 331.7622 7.0777 3.3176 2.7821 8.2806 7.4447 0.0000 1235731                                                                                                "" -3.01103473e+07 2.18183368e+09 4.56342539e+09 2.73000000e+02 1.19956676e+03 1.59200000e+03 7.02476697e-01 -3.47002255e+01 2.29617180e+01 2.04783666e-03 3.51078583e-03 fastscape_sep_4_2026_changed_end_time_mesh_refinments_visu_1_topography/solution/solution-00011 fastscape_sep_4_2026_changed_end_time_mesh_refinments_visu_1_topography/solution_surface/solution_surface-00011 
12 2.400000000000e+05 2.000000000000e+04 18000 489198 156131 1561310 1  8  48  49  489 -4.73371034e-03 5.71193365e-02 2.56708344e+11 -9.29536968e-05 1.48667700e-02 3.71828512e+12 -9.29536968e-05 1.98238305e+00 8.19747605e+13 -2.03398168e-04 1.98288708e+00 9.57860636e+13 -4.36094846e-02 5.62029742e-01 3.40217952e+12 -2.00699575e+02 2.80043375e+03 1.53148040e+16 0.00000000e+00 1.04360948e+00 7.44084752e+14 -3.01082856e-03 1.01229170e+00 5.38884811e+14 -1.22916951e-02 1.00000000e+00 2.37363000e+15 0.00000000e+00 1.00000000e+00 1.74000078e+15 2.24301734e-01 2.24297934e-01 0.00000000e+00 0.00000000e+00 -3.05585868e-01 6.49081708e-02 4.03692902e+09 4.03718019e+09 0.00000000e+00 0.00000000e+00 -1.10010912e+10 2.33669548e+09 1.39588846e+11 1.39608823e+11 0.00000000e+00 0.00000000e+00 -2.89165140e+11  1.79559943e+07 3.10249023e+03 5.38568981e+22 1.67534550e+19 331.7622 7.0777 3.3176 2.7821 8.2806 7.4447 0.0000 1236338                                                                                                "" -3.01728789e+07 2.18213989e+09 4.56343210e+09 2.73000000e+02 1.19964574e+03 1.59200000e+03 7.02536575e-01 -3.75268606e+01 2.46711954e+01 2.04663442e-03 3.50908937e-03 fastscape_sep_4_2026_changed_end_time_mesh_refinments_visu_1_topography/solution/solution-00012 fastscape_sep_4_2026_changed_end_time_mesh_refinments_visu_1_topography/solution_surface/solution_surface-00012 
13 2.600000000000e+05 2.000000000000e+04 18000 489198 156131 1561310 1  9  48  49  489 -4.08218677e-03 1.18434563e-01 2.87192281e+11 -1.00302756e-04 1.60304799e-02 4.02462521e+12 -1.00302756e-04 1.98301099e+00 8.23149331e+13 -1.21112919e-04 1.98288708e+00 9.72540556e+13 -4.34601620e-02 5.65473199e-01 3.51054348e+12 -2.17264593e+02 2.81740729e+03 1.58496666e+16 0.00000000e+00 1.04346016e+00 7.43691701e+14 -2.73585671e-03 1.01309386e+00 5.38845551e+14 -1.30938570e-02 1.00000000e+00 2.37395339e+15 0.00000000e+00 1.00000000e+00 1.74000051e+15 2.24317992e-01 2.24309321e-01 0.00000000e+00 0.00000000e+00 -3.05575353e-01 6.49127835e-02 4.03719852e+09 4.03744019e+09 0.00000000e+00 0.00000000e+00 -1.10007127e+10 2.33686167e+09 1.39591333e+11 1.39611939e+11 0.00000000e+00 0.00000000e+00 -2.89165140e+11  2.06753999e+07 3.10251619e+03 5.36665237e+22 1.67535927e+19 331.7622 7.0777 3.3176 2.7821 8.2806 7.4447 0.0000 1236952                                                                                                "" -3.06766943e+07 2.18199197e+09 4.56350174e+09 2.73000000e+02 1.19972463e+03 1.59200000e+03 7.02596386e-01 -4.08811798e+01 2.54695989e+01 2.04767468e-03 3.50836538e-03 fastscape_sep_4_2026_changed_end_time_mesh_refinments_visu_1_topography/solution/solution-00013 fastscape_sep_4_2026_changed_end_time_mesh_refinments_visu_1_topography/solution_surface/solution_surface-00013 
14 2.800000000000e+05 2.000000000000e+04 18000 489198 156131 1561310 1  9  47  48  480 -4.09654031e-03 2.25443639e-01 3.20720199e+11 -8.10584652e-05 1.71921038e-02 4.33084054e+12 -8.10584652e-05 1.98362238e+00 8.26156087e+13 -1.20753871e-04 1.98288708e+00 9.87685531e+13 -4.28149761e-02 7.52258001e-01 3.62573304e+12 -2.13073666e+02 2.83531235e+03 1.63722152e+16 0.00000000e+00 1.04281498e+00 7.43388273e+14 -3.16758675e-03 1.01393211e+00 5.38763040e+14 -1.39321139e-02 1.00000000e+00 2.37422358e+15 0.00000000e+00 1.00000000e+00 1.74000024e+15 2.24332621e-01 2.24321620e-01 0.00000000e+00 0.00000000e+00 -3.05565291e-01 6.49187866e-02 4.03751773e+09 4.03765015e+09 0.00000000e+00 0.00000000e+00 -1.10003505e+10 2.33707792e+09 1.39594792e+11 1.39612773e+11 0.00000000e+00 0.00000000e+00 -2.89165140e+11  2.21999054e+07 3.10253466e+03 5.36932771e+22 1.67536899e+19 331.7622 7.0777 3.3176 2.7821 8.2806 7.4447 0.0000 1237513                                                                                                "" -3.04239851e+07 2.18229873e+09 4.56357393e+09 2.73000000e+02 1.19980343e+03 1.59200000e+03 7.02656123e-01 -4.49298908e+01 2.50969026e+01 2.05293311e-03 3.51166451e-03 fastscape_sep_4_2026_changed_end_time_mesh_refinments_visu_1_topography/solution/solution-00014 fastscape_sep_4_2026_changed_end_time_mesh_refinments_visu_1_topography/solution_surface/solution_surface-00014 
15 3.000000000000e+05 2.000000000000e+04 18000 489198 156131 1561310 1  8  48  49  489 -3.90710424e-03 2.28029351e-01 3.42490733e+11 -1.03256895e-04 1.83596418e-02 4.63675490e+12 -1.03256895e-04 1.98422089e+00 8.29885803e+13 -1.20367333e-04 1.98288708e+00 1.00305682e+14 -4.16537536e-02 7.61172708e-01 3.69120833e+12 -2.13190074e+02 2.85420537e+03 1.66700229e+16 0.00000000e+00 1.04165375e+00 7.43116643e+14 -3.07955437e-03 1.00901497e+00 5.38669298e+14 -9.01496644e-03 1.00000000e+00 2.37452290e+15 0.00000000e+00 1.00000000e+00 1.73999995e+15 2.24344850e-01 2.24335840e-01 0.00000000e+00 0.00000000e+00 -3.05555638e-01 6.49270901e-02 4.03785503e+09 4.03783554e+09 0.00000000e+00 0.00000000e+00 -1.10000030e+10 2.33737699e+09 1.39599890e+11 1.39611056e+11 0.00000000e+00 0.00000000e+00 -2.89165140e+11  2.13306777e+07 3.10255788e+03 5.35161927e+22 1.67538126e+19 331.7622 7.0777 3.3176 2.7821 8.2806 7.4447 0.0000 1238061                                                                                                "" -3.05558704e+07 2.18213997e+09 4.56360878e+09 2.73000000e+02 1.19988214e+03 1.59200000e+03 7.02715799e-01 -4.93718120e+01 2.38670685e+01 2.05377379e-03 3.51232115e-03 fastscape_sep_4_2026_changed_end_time_mesh_refinments_visu_1_topography/solution/solution-00015 fastscape_sep_4_2026_changed_end_time_mesh_refinments_visu_1_topography/solution_surface/solution_surface-00015 
16 3.200000000000e+05 2.000000000000e+04 18000 489198 156131 1561310 1  8  49  50  498 -3.93716277e-03 2.72215322e-01 3.72484346e+11 -1.24118972e-04 1.95508402e-02 4.94239493e+12 -1.24118972e-04 1.98481740e+00 8.33385546e+13 -1.19978679e-04 1.98288708e+00 1.01848893e+14 -4.16607560e-02 8.26586104e-01 3.77609603e+12 -2.13227468e+02 2.87374230e+03 1.70516149e+16 0.00000000e+00 1.04166076e+00 7.42799302e+14 -3.31606940e-03 1.01213323e+00 5.38615675e+14 -1.21332274e-02 1.00000000e+00 2.37480840e+15 0.00000000e+00 1.00000000e+00 1.73999967e+15 2.24355134e-01 2.24351828e-01 0.00000000e+00 0.00000000e+00 -3.05546352e-01 6.49349263e-02 4.03816468e+09 4.03803765e+09 0.00000000e+00 0.00000000e+00 -1.09996687e+10 2.33765926e+09 1.39605488e+11 1.39609506e+11 0.00000000e+00 0.00000000e+00 -2.89165140e+11  1.80984539e+07 3.10258008e+03 5.35459824e+22 1.67539298e+19 331.7622 7.0777 3.3176 2.7821 8.2806 7.4447 0.0000 1238543                                                                                                "" -3.02073056e+07 2.18245964e+09 4.56359991e+09 2.73000000e+02 1.19996076e+03 1.59200000e+03 7.02775407e-01 -5.38193217e+01 2.25770705e+01 2.04732277e-03 3.50977729e-03 fastscape_sep_4_2026_changed_end_time_mesh_refinments_visu_1_topography/solution/solution-00016 fastscape_sep_4_2026_changed_end_time_mesh_refinments_visu_1_topography/solution_surface/solution_surface-00016 
17 3.400000000000e+05 2.000000000000e+04 18000 489198 156131 1561310 1  9  47  48  478 -4.25185502e-03 1.97645659e-01 4.02899575e+11 -1.29452454e-04 2.07589927e-02 5.24799176e+12 -1.29452454e-04 1.98542411e+00 8.36998374e+13 -1.19615119e-04 1.98288708e+00 1.03361497e+14 -4.04443737e-02 7.81127159e-01 3.85690841e+12 -1.93979244e+02 2.89333198e+03 1.74045144e+16 0.00000000e+00 1.04044437e+00 7.42490114e+14 -3.70786624e-03 1.01182892e+00 5.38510919e+14 -1.18289249e-02 1.00000000e+00 2.37514097e+15 0.00000000e+00 1.00000000e+00 1.73999940e+15 2.24365032e-01 2.24368077e-01 0.00000000e+00 0.00000000e+00 -3.05537396e-01 6.49431485e-02 4.03841225e+09 4.03828509e+09 0.00000000e+00 0.00000000e+00 -1.09993463e+10 2.33795543e+09 1.39608051e+11 1.39608661e+11 0.00000000e+00 0.00000000e+00 -2.89165140e+11  1.35409495e+07 3.10260655e+03 5.33771962e+22 1.67540701e+19 331.7622 7.0777 3.3176 2.7821 8.2806 7.4447 0.0000 1239069                                                                                                "" -3.02698520e+07 2.18230209e+09 4.56364437e+09 2.73000000e+02 1.20003929e+03 1.59200000e+03 7.02834942e-01 -5.77856181e+01 2.21171097e+01 2.04349241e-03 3.50749665e-03 fastscape_sep_4_2026_changed_end_time_mesh_refinments_visu_1_topography/solution/solution-00017 fastscape_sep_4_2026_changed_end_time_mesh_refinments_visu_1_topography/solution_surface/solution_surface-00017 
18 3.600000000000e+05 2.000000000000e+04 18000 489198 156131 1561310 1  9  46  47  470 -4.08816079e-03 2.01320688e-01 4.27909407e+11 -1.34657622e-04 2.19971576e-02 5.55325501e+12 -1.34657622e-04 1.98605039e+00 8.40040443e+13 -1.19282680e-04 1.98288708e+00 1.04849714e+14 -4.14850899e-02 7.97221708e-01 3.92115095e+12 -1.94266712e+02 2.91272364e+03 1.76736589e+16 0.00000000e+00 1.04148509e+00 7.42242553e+14 -5.74321228e-03 1.01227569e+00 5.38359678e+14 -1.22756924e-02 1.00000000e+00 2.37547497e+15 0.00000000e+00 1.00000000e+00 1.73999912e+15 2.24376396e-01 2.24382878e-01 0.00000000e+00 0.00000000e+00 -3.05528738e-01 6.49527198e-02 4.03859427e+09 4.03857894e+09 0.00000000e+00 0.00000000e+00 -1.09990346e+10 2.33830018e+09 1.39608284e+11 1.39610430e+11 0.00000000e+00 0.00000000e+00 -2.89165140e+11  1.04416374e+07 3.10263220e+03 5.34391226e+22 1.67542060e+19 331.7622 7.0777 3.3176 2.7821 8.2806 7.4447 0.0000 1239556                                                                                                "" -2.99441322e+07 2.18262888e+09 4.56373179e+09 2.73000000e+02 1.20011773e+03 1.59200000e+03 7.02894412e-01 -6.09520641e+01 2.30156837e+01 2.04705272e-03 3.51081085e-03 fastscape_sep_4_2026_changed_end_time_mesh_refinments_visu_1_topography/solution/solution-00018 fastscape_sep_4_2026_changed_end_time_mesh_refinments_visu_1_topography/solution_surface/solution_surface-00018 
19 3.800000000000e+05 2.000000000000e+04 18000 489198 156131 1561310 1  9  49  50  500 -4.10491689e-03 1.16921992e-01 4.56323926e+11 -1.39678946e-04 2.32527758e-02 5.85795775e+12 -1.39678946e-04 1.98669623e+00 8.43330447e+13 -1.15385893e-04 1.98288708e+00 1.06377982e+14 -4.19203757e-02 5.01330490e-01 3.98628086e+12 -1.96935976e+02 2.55187242e+03 1.79574089e+16 0.00000000e+00 1.04192038e+00 7.41930890e+14 -8.04404218e-03 1.01228385e+00 5.38242428e+14 -1.22838546e-02 1.00000000e+00 2.37583817e+15 0.00000000e+00 1.00000000e+00 1.73999883e+15 2.24390313e-01 2.24395288e-01 0.00000000e+00 0.00000000e+00 -3.05520351e-01 6.49624682e-02 4.03874238e+09 4.03889062e+09 0.00000000e+00 0.00000000e+00 -1.09987326e+10 2.33865131e+09 1.39605387e+11 1.39615552e+11 0.00000000e+00 0.00000000e+00 -2.89165140e+11  1.07466620e+07 3.10266223e+03 5.32823747e+22 1.67543655e+19 331.7622 7.0777 3.3176 2.7821 8.2806 7.4447 0.0000 1240052                                                                                                "" -3.01268916e+07 2.18245864e+09 4.56377978e+09 2.73000000e+02 1.20019609e+03 1.59200000e+03 7.02953821e-01 -6.32768488e+01 2.51198329e+01 2.04793502e-03 3.51137361e-03 fastscape_sep_4_2026_changed_end_time_mesh_refinments_visu_1_topography/solution/solution-00019 fastscape_sep_4_2026_changed_end_time_mesh_refinments_visu_1_topography/solution_surface/solution_surface-00019 
20 4.000000000000e+05 2.000000000000e+04 18000 489198 156131 1561310 1  8  49  50  499 -4.12013784e-03 1.01329899e-01 4.95196849e+11 -1.42870931e-04 2.45340006e-02 6.16292465e+12 -1.42870931e-04 1.98735920e+00 8.46347908e+13 -1.15051816e-04 1.98288708e+00 1.07890683e+14 -3.95054520e-02 5.02164933e-01 4.08095111e+12 -1.96134513e+02 2.30569451e+03 1.83548931e+16 0.00000000e+00 1.03950545e+00 7.41643704e+14 -6.58942109e-03 1.01229131e+00 5.38032371e+14 -1.22913086e-02 1.00000000e+00 2.37624013e+15 0.00000000e+00 1.00000000e+00 1.73999853e+15 2.24406434e-01 2.24405820e-01 0.00000000e+00 0.00000000e+00 -3.05512210e-01 6.49712442e-02 4.03890602e+09 4.03917678e+09 0.00000000e+00 0.00000000e+00 -1.09984396e+10 2.33896743e+09 1.39602119e+11 1.39620428e+11 0.00000000e+00 0.00000000e+00 -2.89165140e+11  1.42684861e+07 3.10269277e+03 5.33326127e+22 1.67545276e+19 331.7622 7.0777 3.3176 2.7821 8.2806 7.4447 0.0000 1240533                                                                                                "" -2.97379758e+07 2.18279148e+09 4.56377765e+09 2.73000000e+02 1.20027437e+03 1.59200000e+03 7.03013167e-01 -6.51485197e+01 2.76370316e+01 2.04133509e-03 3.50842803e-03 fastscape_sep_4_2026_changed_end_time_mesh_refinments_visu_1_topography/solution/solution-00020 fastscape_sep_4_2026_changed_end_time_mesh_refinments_visu_1_topography/solution_surface/solution_surface-00020 
21 4.200000000000e+05 2.000000000000e+04 18000 489198 156131 1561310 1  9  49  50  496 -3.54788718e-03 1.06038165e-01 5.68630014e+11 -1.29477568e-04 2.58154930e-02 6.46808165e+12 -1.29477568e-04 1.98803418e+00 8.49288212e+13 -1.49557765e-04 1.98288708e+00 1.09393627e+14 -3.96539654e-02 5.03129259e-01 4.27001402e+12 -2.50905969e+02 2.51357302e+03 1.92064456e+16 0.00000000e+00 1.03965397e+00 7.41204958e+14 -6.62677620e-03 1.01260769e+00 5.37847661e+14 -1.26076917e-02 1.00000000e+00 2.37667389e+15 0.00000000e+00 1.00000000e+00 1.73999822e+15 2.24423126e-01 2.24416033e-01 0.00000000e+00 0.00000000e+00 -3.05504298e-01 6.49740545e-02 4.03912841e+09 4.03939920e+09 0.00000000e+00 0.00000000e+00 -1.09981547e+10 2.33906879e+09 1.39603548e+11 1.39632211e+11 0.00000000e+00 0.00000000e+00 -2.89165140e+11  1.99900261e+07 3.10272399e+03 5.31568968e+22 1.67546932e+19 331.7622 7.0777 3.3176 2.7821 8.2806 7.4447 0.0000 1232676                                                                                                "" -2.99374399e+07 2.18262075e+09 4.56385135e+09 2.73000000e+02 1.20035257e+03 1.59200000e+03 7.03072458e-01 -6.72440351e+01 2.95602151e+01 2.03964415e-03 3.50703353e-03 fastscape_sep_4_2026_changed_end_time_mesh_refinments_visu_1_topography/solution/solution-00021 fastscape_sep_4_2026_changed_end_time_mesh_refinments_visu_1_topography/solution_surface/solution_surface-00021 
22 4.400000000000e+05 2.000000000000e+04 18000 489198 156131 1561310 1  9  47  48  477 -3.44034475e-03 1.78563009e-01 6.69973267e+11 -1.37978477e-04 2.71024159e-02 6.77194689e+12 -1.37978477e-04 1.98871583e+00 8.52363160e+13 -1.53949933e-04 1.98288708e+00 1.10907044e+14 -3.16814418e-02 5.77616157e-01 4.47674562e+12 -2.09939425e+02 2.52671832e+03 2.01534518e+16 0.00000000e+00 1.03168144e+00 7.40741288e+14 -7.36981545e-03 1.01628702e+00 5.37753285e+14 -1.62870197e-02 1.00000000e+00 2.37702452e+15 0.00000000e+00 1.00000000e+00 1.73999788e+15 2.24438311e-01 2.24427732e-01 0.00000000e+00 0.00000000e+00 -3.05496598e-01 6.49775506e-02 4.03941782e+09 4.03955146e+09 0.00000000e+00 0.00000000e+00 -1.09978775e+10 2.33919485e+09 1.39602647e+11 1.39633837e+11 0.00000000e+00 0.00000000e+00 -2.89165140e+11  2.38420905e+07 3.10274785e+03 5.32024864e+22 1.67548189e+19 331.7622 7.0777 3.3176 2.7821 8.2806 7.4447 0.0000 1233804                                                                                                "" -2.95246350e+07 2.18294885e+09 4.56396210e+09 2.73000000e+02 1.20043070e+03 1.59200000e+03 7.03131694e-01 -6.96453811e+01 3.02232420e+01 2.04926879e-03 3.51148923e-03 fastscape_sep_4_2026_changed_end_time_mesh_refinments_visu_1_topography/solution/solution-00022 fastscape_sep_4_2026_changed_end_time_mesh_refinments_visu_1_topography/solution_surface/solution_surface-00022 
23 4.600000000000e+05 2.000000000000e+04 18000 489198 156131 1561310 1  9  49  50  499 -3.51363115e-03 2.43143775e-01 7.57889308e+11 -1.51664822e-04 2.84216631e-02 7.07602552e+12 -1.51664822e-04 1.98939728e+00 8.55775044e+13 -1.12618952e-04 1.98288708e+00 1.12430502e+14 -3.18033447e-02 6.00049233e-01 4.64544882e+12 -2.09688018e+02 2.57825586e+03 2.09903464e+16 0.00000000e+00 1.03180334e+00 7.40331526e+14 -6.69691485e-03 1.02845871e+00 5.37659892e+14 -2.84587136e-02 1.00000000e+00 2.37735829e+15 0.00000000e+00 1.00000000e+00 1.73999754e+15 2.24450643e-01 2.24442375e-01 0.00000000e+00 0.00000000e+00 -3.05489097e-01 6.49816983e-02 4.03974606e+09 4.03967269e+09 0.00000000e+00 0.00000000e+00 -1.09976075e+10 2.33934437e+09 1.39608603e+11 1.39631539e+11 0.00000000e+00 0.00000000e+00 -2.89165140e+11  2.45965267e+07 3.10277139e+03 5.30059759e+22 1.67549429e+19 331.7622 7.0777 3.3176 2.7821 8.2806 7.4447 0.0000 1234514                                                                                                "" -2.97027323e+07 2.18276012e+09 4.56401686e+09 2.73000000e+02 1.20050876e+03 1.59200000e+03 7.03190875e-01 -7.24690457e+01 2.96284040e+01 2.05597634e-03 3.51315804e-03 fastscape_sep_4_2026_changed_end_time_mesh_refinments_visu_1_topography/solution/solution-00023 fastscape_sep_4_2026_changed_end_time_mesh_refinments_visu_1_topography/solution_surface/solution_surface-00023 
24 4.800000000000e+05 2.000000000000e+04 18000 489198 156131 1561310 1  8  50  51  506 -3.39508955e-03 2.38787555e-01 8.10524784e+11 -1.56046784e-04 2.96261688e-02 7.38137622e+12 -1.56046784e-04 1.99007784e+00 8.59115430e+13 -1.13445717e-04 1.95788403e+00 1.13966455e+14 -3.16640619e-02 6.58847190e-01 4.75145199e+12 -2.08939584e+02 3.77132563e+03 2.14645603e+16 0.00000000e+00 1.03166406e+00 7.40038958e+14 -6.73103436e-03 1.02780353e+00 5.37508386e+14 -2.78035292e-02 1.00000000e+00 2.37769564e+15 0.00000000e+00 1.00000000e+00 1.73999719e+15 2.24460299e-01 2.24459757e-01 0.00000000e+00 0.00000000e+00 -3.05481783e-01 6.49894258e-02 4.04006187e+09 4.03981976e+09 0.00000000e+00 0.00000000e+00 -1.09973442e+10 2.33962277e+09 1.39614941e+11 1.39627648e+11 0.00000000e+00 0.00000000e+00 -2.89165140e+11  2.32301716e+07 3.10279602e+03 5.30118907e+22 1.67550725e+19 331.7622 7.0777 3.3176 2.7821 8.2806 7.4447 0.0000 1235382                                                                                                "" -2.95233695e+07 2.18309539e+09 4.56400683e+09 2.73000000e+02 1.20058675e+03 1.59200000e+03 7.03250002e-01 -7.56740828e+01 2.84651156e+01 2.04908383e-03 3.51076824e-03 fastscape_sep_4_2026_changed_end_time_mesh_refinments_visu_1_topography/solution/solution-00024 fastscape_sep_4_2026_changed_end_time_mesh_refinments_visu_1_topography/solution_surface/solution_surface-00024 
25 5.000000000000e+05 2.000000000000e+04 18000 489198 156131 1561310 1  9  47  48  478 -3.48396881e-03 2.00687722e-01 8.90799418e+11 -1.47446772e-04 3.08596305e-02 7.68432042e+12 -1.47446772e-04 1.99075334e+00 8.61943818e+13 -1.10525301e-04 1.95788403e+00 1.15466656e+14 -1.08590243e-02 6.53816163e-01 4.89369881e+12 -1.18486695e+02 3.74488688e+03 2.21386580e+16 0.00000000e+00 1.01085902e+00 7.39682380e+14 -6.76666227e-03 1.02880953e+00 5.37402967e+14 -2.88095349e-02 1.00000000e+00 2.37801461e+15 0.00000000e+00 1.00000000e+00 1.73999680e+15 2.24469240e-01 2.24477906e-01 0.00000000e+00 0.00000000e+00 -3.05474647e-01 6.49944162e-02 4.04032047e+09 4.04004202e+09 0.00000000e+00 0.00000000e+00 -1.09970873e+10 2.33980263e+09 1.39615490e+11 1.39624665e+11 0.00000000e+00 0.00000000e+00 -2.89165140e+11  1.97307280e+07 3.10281860e+03 5.27883963e+22 1.67551908e+19 331.7622 7.0777 3.3176 2.7821 8.2806 7.4447 0.0000 1236490                                                                                                "" -2.98638461e+07 2.18291334e+09 4.56400886e+09 2.73000000e+02 1.20066468e+03 1.59200000e+03 7.03309079e-01 -7.87523137e+01 2.93881547e+01 2.04399503e-03 3.50597011e-03 fastscape_sep_4_2026_changed_end_time_mesh_refinments_visu_1_topography/solution/solution-00025 fastscape_sep_4_2026_changed_end_time_mesh_refinments_visu_1_topography/solution_surface/solution_surface-00025 
26 5.200000000000e+05 2.000000000000e+04 18000 489198 156131 1561310 1  9  43  44  438 -3.57871124e-03 1.97434238e-01 9.34866296e+11 -1.71691972e-04 3.05545867e-02 7.98710324e+12 -1.71691972e-04 1.99142510e+00 8.65092546e+13 -9.69858757e-05 1.95788403e+00 1.16986760e+14 -9.96276459e-03 6.48510367e-01 4.97513464e+12 -1.18080482e+02 3.71710217e+03 2.24765253e+16 0.00000000e+00 1.00996276e+00 7.39416167e+14 -7.34395249e-03 1.02889758e+00 5.37317378e+14 -2.88975828e-02 1.00000000e+00 2.37828422e+15 0.00000000e+00 1.00000000e+00 1.73999644e+15 2.24479557e-01 2.24494298e-01 0.00000000e+00 0.00000000e+00 -3.05467681e-01 6.50047343e-02 4.04050123e+09 4.04035219e+09 0.00000000e+00 0.00000000e+00 -1.09968365e+10 2.34017429e+09 1.39614894e+11 1.39624363e+11 0.00000000e+00 0.00000000e+00 -2.89165140e+11  1.65940585e+07 3.10283850e+03 5.28165370e+22 1.67552948e+19 331.7622 7.0777 3.3176 2.7821 8.2806 7.4447 0.0000 1236973                                                                                                "" -2.97537206e+07 2.18325340e+09 4.56412672e+09 2.73000000e+02 1.20074252e+03 1.59200000e+03 7.03368093e-01 -8.14347792e+01 2.96842263e+01 2.05455686e-03 3.51194919e-03 fastscape_sep_4_2026_changed_end_time_mesh_refinments_visu_1_topography/solution/solution-00026 fastscape_sep_4_2026_changed_end_time_mesh_refinments_visu_1_topography/solution_surface/solution_surface-00026 
27 5.400000000000e+05 2.000000000000e+04 18000 489198 156131 1561310 1  9  49  50  498 -3.67648313e-03 1.94226085e-01 1.00872659e+12 -1.27736343e-04 3.17806349e-02 8.28950490e+12 -1.27736343e-04 1.99208784e+00 8.68713053e+13 -7.29366874e-05 1.95788403e+00 1.18499119e+14 -9.50123797e-03 6.43057605e-01 5.09407049e+12 -9.66656127e+01 3.68855092e+03 2.30296599e+16 0.00000000e+00 1.00950124e+00 7.39109515e+14 -7.38272700e-03 1.02897734e+00 5.37202373e+14 -2.89773356e-02 1.00000000e+00 2.37858621e+15 0.00000000e+00 1.00000000e+00 1.73999608e+15 2.24493041e-01 2.24507190e-01 0.00000000e+00 0.00000000e+00 -3.05460876e-01 6.50119981e-02 4.04063759e+09 4.04071639e+09 0.00000000e+00 0.00000000e+00 -1.09965915e+10 2.34043598e+09 1.39611854e+11 1.39629057e+11 0.00000000e+00 0.00000000e+00 -2.89165140e+11  1.49884707e+07 3.10285958e+03 5.26101299e+22 1.67554052e+19 331.7622 7.0777 3.3176 2.7821 8.2806 7.4447 0.0000 1237873                                                                                                "" -3.01062540e+07 2.18305229e+09 4.56417497e+09 2.73000000e+02 1.20082027e+03 1.59200000e+03 7.03427042e-01 -8.39916120e+01 3.00426692e+01 2.06356329e-03 3.51447907e-03 fastscape_sep_4_2026_changed_end_time_mesh_refinments_visu_1_topography/solution/solution-00027 fastscape_sep_4_2026_changed_end_time_mesh_refinments_visu_1_topography/solution_surface/solution_surface-00027 
28 5.600000000000e+05 2.000000000000e+04 18000 489198 156131 1561310 1  8  50  51  506 -3.45776556e-03 1.90314286e-01 1.05616719e+12 -1.37800938e-04 3.30055835e-02 8.59186287e+12 -1.37800938e-04 1.99274120e+00 8.72194196e+13 -7.31314758e-05 1.95788403e+00 1.19970329e+14 -9.05428214e-03 6.37746560e-01 5.17849784e+12 -9.55162267e+01 3.66064314e+03 2.33869778e+16 0.00000000e+00 1.00905428e+00 7.38804469e+14 -8.27259467e-03 1.02905845e+00 5.37108665e+14 -2.90584515e-02 1.00000000e+00 2.37889979e+15 0.00000000e+00 1.00000000e+00 1.73999571e+15 2.24509823e-01 2.24516669e-01 0.00000000e+00 0.00000000e+00 -3.05454226e-01 6.50227458e-02 4.04079772e+09 4.04106670e+09 0.00000000e+00 0.00000000e+00 -1.09963521e+10 2.34082308e+09 1.39608960e+11 1.39637222e+11 0.00000000e+00 0.00000000e+00 -2.89165140e+11  1.43885268e+07 3.10288433e+03 5.26253976e+22 1.67555354e+19 331.7622 7.0777 3.3176 2.7821 8.2806 7.4447 0.0000 1238581                                                                                                "" -2.98942908e+07 2.18339682e+09 4.56416279e+09 2.73000000e+02 1.20089794e+03 1.59200000e+03 7.03485930e-01 -8.64127066e+01 3.24066662e+01 2.05521416e-03 3.51208182e-03 fastscape_sep_4_2026_changed_end_time_mesh_refinments_visu_1_topography/solution/solution-00028 fastscape_sep_4_2026_changed_end_time_mesh_refinments_visu_1_topography/solution_surface/solution_surface-00028 
29 5.800000000000e+05 2.000000000000e+04 18000 489198 156131 1561310 1  9  52  53  524 -3.35502644e-03 2.90841924e-01 1.10836010e+12 -1.21152235e-04 3.44439274e-02 8.89309604e+12 -1.21152235e-04 1.99337957e+00 8.75804885e+13 -8.32269318e-05 1.96232271e+00 1.21535586e+14 -9.12018347e-03 6.32829875e-01 5.27355642e+12 -9.25215815e+01 3.63464897e+03 2.37962646e+16 0.00000000e+00 1.00912018e+00 7.38506407e+14 -8.44258580e-03 1.02886794e+00 5.36960144e+14 -2.88679402e-02 1.00000000e+00 2.36063023e+15 0.00000000e+00 1.00000000e+00 1.75861565e+15 2.24527730e-01 2.24525030e-01 0.00000000e+00 0.00000000e+00 -3.05447725e-01 6.50307363e-02 4.04103514e+09 4.04134679e+09 0.00000000e+00 0.00000000e+00 -1.09961181e+10 2.34111091e+09 1.39609161e+11 1.39642282e+11 0.00000000e+00 0.00000000e+00 -2.89165140e+11  1.51251292e+07 3.10298590e+03 5.24105883e+22 1.67560804e+19 331.7622 7.0777 3.3176 2.7821 8.2806 7.4447 0.0000 1239015                                                                                                "" -3.01484200e+07 2.18325253e+09 4.56431516e+09 2.73000000e+02 1.20097553e+03 1.59200000e+03 7.03544751e-01 -8.88964006e+01 3.42451157e+01 2.04804062e-03 3.50727981e-03 fastscape_sep_4_2026_changed_end_time_mesh_refinments_visu_1_topography/solution/solution-00029 fastscape_sep_4_2026_changed_end_time_mesh_refinments_visu_1_topography/solution_surface/solution_surface-00029 
30 6.000000000000e+05 2.000000000000e+04 18000 489198 156131 1561310 1  9  47  48  473 -3.32550795e-03 3.22789232e-01 1.18653161e+12 -1.25498255e-04 3.56324526e-02 9.19595123e+12 -1.25498255e-04 1.99400304e+00 8.79107856e+13 -7.31236190e-05 1.96927428e+00 1.23079731e+14 -9.18682068e-03 6.28384492e-01 5.37455274e+12 -8.92050407e+01 3.61100267e+03 2.42490197e+16 0.00000000e+00 1.00918682e+00 7.38156361e+14 -8.61942466e-03 1.03539706e+00 5.36865212e+14 -3.53970615e-02 1.00000000e+00 2.34261741e+15 0.00000000e+00 1.00000000e+00 1.77697137e+15 2.24543909e-01 2.24534743e-01 0.00000000e+00 0.00000000e+00 -3.05441367e-01 6.50403797e-02 4.04136669e+09 4.04153046e+09 0.00000000e+00 0.00000000e+00 -1.09958892e+10 2.34145824e+09 1.39610620e+11 1.39645149e+11 0.00000000e+00 0.00000000e+00 -2.89165140e+11  1.47960841e+07 3.10308698e+03 5.24621954e+22 1.67566229e+19 331.7622 7.0777 3.3176 2.7821 8.2806 7.4447 0.0000 1240017                                                                                                "" -2.96508654e+07 2.18364759e+09 4.56456703e+09 2.73000000e+02 1.20105302e+03 1.59200000e+03 7.03603505e-01 -9.18638645e+01 3.41490077e+01 2.06085295e-03 3.51428644e-03 fastscape_sep_4_2026_changed_end_time_mesh_refinments_visu_1_topography/solution/solution-00030 fastscape_sep_4_2026_changed_end_time_mesh_refinments_visu_1_topography/solution_surface/solution_surface-00030 
31 6.200000000000e+05 2.000000000000e+04 18000 489198 156131 1561310 1  9  51  52  511 -3.11782937e-03 4.04283019e-01 1.22937421e+12 -1.37386524e-04 3.70750703e-02 9.49763315e+12 -1.37386524e-04 1.99461365e+00 8.82515346e+13 -2.18866789e-04 1.97401631e+00 1.24617723e+14 -1.00887813e-02 7.20911427e-01 5.44285078e+12 -9.69943285e+01 3.74495523e+03 2.45840251e+16 0.00000000e+00 1.01328860e+00 7.37869319e+14 -1.32886010e-02 1.03552883e+00 5.36735027e+14 -3.55288282e-02 1.00000000e+00 2.32096538e+15 0.00000000e+00 1.00000000e+00 1.79897131e+15 2.24556286e-01 2.24548001e-01 0.00000000e+00 0.00000000e+00 -3.05435145e-01 6.50510132e-02 4.04175783e+09 4.04165004e+09 0.00000000e+00 0.00000000e+00 -1.09956652e+10 2.34184122e+09 1.39614495e+11 1.39637640e+11 0.00000000e+00 0.00000000e+00 -2.89165140e+11  1.41350691e+07 3.10320322e+03 5.22743660e+22 1.67572474e+19 331.7622 7.0777 3.3176 2.7821 8.2806 7.4447 0.0000 1240441                                                                                                "" -2.99944031e+07 2.18348929e+09 4.56477521e+09 2.73000000e+02 1.20113042e+03 1.59200000e+03 7.03662185e-01 -9.52996974e+01 3.21253400e+01 2.07172109e-03 3.51765608e-03 fastscape_sep_4_2026_changed_end_time_mesh_refinments_visu_1_topography/solution/solution-00031 fastscape_sep_4_2026_changed_end_time_mesh_refinments_visu_1_topography/solution_surface/solution_surface-00031 
32 6.400000000000e+05 2.000000000000e+04 18000 489198 156131 1561310 1  8  52  53  525 -3.26359867e-03 4.25569878e-01 1.26853481e+12 -1.26610606e-04 3.82613322e-02 9.79850645e+12 -1.26610606e-04 1.99522441e+00 8.85781305e+13 -2.01979473e-04 1.97483885e+00 1.26185456e+14 -1.24550591e-02 7.23458634e-01 5.50967059e+12 -8.04654433e+01 3.77897192e+03 2.49100257e+16 0.00000000e+00 1.01245506e+00 7.37585340e+14 -1.12315139e-02 1.03565854e+00 5.36597913e+14 -3.56585443e-02 1.00000000e+00 2.30967823e+15 0.00000000e+00 1.00000000e+00 1.81061194e+15 2.24565086e-01 2.24565435e-01 0.00000000e+00 0.00000000e+00 -3.05429054e-01 6.50624535e-02 4.04213266e+09 4.04178905e+09 0.00000000e+00 0.00000000e+00 -1.09954459e+10 2.34225326e+09 1.39634236e+11 1.39644630e+11 0.00000000e+00 0.00000000e+00 -2.89165140e+11  1.28012093e+07 3.10327986e+03 5.23082516e+22 1.67576588e+19 331.7622 7.0777 3.3176 2.7821 8.2806 7.4447 0.0000 1240823                                                                                                "" -2.97881785e+07 2.18387036e+09 4.56488046e+09 2.73000000e+02 1.20120771e+03 1.59200000e+03 7.03720781e-01 -9.88770790e+01 2.95475532e+01 2.05825570e-03 3.51432638e-03 fastscape_sep_4_2026_changed_end_time_mesh_refinments_visu_1_topography/solution/solution-00032 fastscape_sep_4_2026_changed_end_time_mesh_refinments_visu_1_topography/solution_surface/solution_surface-00032 
33 6.600000000000e+05 2.000000000000e+04 18000 489198 156131 1561310 1  9  51  52  513 -3.53114731e-03 4.22517780e-01 1.37732923e+12 -1.30143176e-04 3.94548020e-02 1.00997069e+13 -1.30143176e-04 1.99584374e+00 8.89453067e+13 -3.06019766e-04 1.97565115e+00 1.27729144e+14 -1.18897040e-02 7.31879267e-01 5.65762264e+12 -7.79980438e+01 3.91514612e+03 2.56035582e+16 0.00000000e+00 1.01188970e+00 7.37239906e+14 -7.38004903e-03 1.02311559e+00 5.36415666e+14 -2.31155884e-02 1.00000000e+00 2.30844566e+15 0.00000000e+00 1.00000000e+00 1.81222348e+15 2.24572472e-01 2.24584330e-01 0.00000000e+00 0.00000000e+00 -3.05423090e-01 6.50676326e-02 4.04241661e+09 4.04200827e+09 0.00000000e+00 0.00000000e+00 -1.09952312e+10 2.34243988e+09 1.39636994e+11 1.39638682e+11 0.00000000e+00 0.00000000e+00 -2.89165140e+11  1.08509319e+07 3.10331470e+03 5.21068335e+22 1.67578445e+19 331.7622 7.0777 3.3176 2.7821 8.2806 7.4447 0.0000 1241816                                                                                                "" -3.02181003e+07 2.18368140e+09 4.56488616e+09 2.73000000e+02 1.20128490e+03 1.59200000e+03 7.03779302e-01 -1.01845206e+02 3.17731900e+01 2.04456165e-03 3.50688771e-03 fastscape_sep_4_2026_changed_end_time_mesh_refinments_visu_1_topography/solution/solution-00033 fastscape_sep_4_2026_changed_end_time_mesh_refinments_visu_1_topography/solution_surface/solution_surface-00033 
34 6.800000000000e+05 2.000000000000e+04 18000 489198 156131 1561310 1  9  47  48  478 -3.43420440e-03 3.66848035e-01 1.39776861e+12 -1.36266023e-04 4.06798074e-02 1.04007952e+13 -1.36266023e-04 1.99648094e+00 8.92875806e+13 -3.14529053e-04 1.97644998e+00 1.29272751e+14 -1.24550591e-02 8.29786989e-01 5.68666695e+12 -8.04654433e+01 3.95459969e+03 2.57148487e+16 0.00000000e+00 1.01245506e+00 7.36971369e+14 -7.13308602e-03 1.03263763e+00 5.36263792e+14 -3.26376334e-02 1.00000000e+00 2.30737317e+15 0.00000000e+00 1.00000000e+00 1.81368635e+15 2.24581358e-01 2.24601323e-01 0.00000000e+00 0.00000000e+00 -3.05417247e-01 6.50818939e-02 4.04257780e+09 4.04233115e+09 0.00000000e+00 0.00000000e+00 -1.09950209e+10 2.34295346e+09 1.39639076e+11 1.39641463e+11 0.00000000e+00 0.00000000e+00 -2.89165140e+11  1.10017867e+07 3.10335519e+03 5.21896852e+22 1.67580601e+19 331.7622 7.0777 3.3176 2.7821 8.2806 7.4447 0.0000 1242232                                                                                                "" -3.00473854e+07 2.18405218e+09 4.56505373e+09 2.73000000e+02 1.20136203e+03 1.59200000e+03 7.03837781e-01 -1.04069059e+02 3.19468891e+01 2.05825057e-03 3.51387641e-03 fastscape_sep_4_2026_changed_end_time_mesh_refinments_visu_1_topography/solution/solution-00034 fastscape_sep_4_2026_changed_end_time_mesh_refinments_visu_1_topography/solution_surface/solution_surface-00034 
35 7.000000000000e+05 2.000000000000e+04 18000 489198 156131 1561310 1  9  44  45  447 -3.71891897e-03 5.22348744e-01 1.44402101e+12 -1.27337797e-04 4.19201161e-02 1.07027374e+13 -1.27337797e-04 1.99713422e+00 8.95860095e+13 -1.81356664e-04 1.97723707e+00 1.30827997e+14 -1.30378096e-02 9.17521628e-01 5.74770519e+12 -8.30087628e+01 3.99297293e+03 2.59804903e+16 0.00000000e+00 1.01303781e+00 7.36740294e+14 -7.59800984e-03 1.03350457e+00 5.36062541e+14 -3.35045747e-02 1.00000000e+00 2.30531338e+15 0.00000000e+00 1.00000000e+00 1.81611645e+15 2.24594251e-01 2.24613953e-01 0.00000000e+00 0.00000000e+00 -3.05411520e-01 6.50927534e-02 4.04265668e+09 4.04271746e+09 0.00000000e+00 0.00000000e+00 -1.09948147e+10 2.34334460e+09 1.39633436e+11 1.39647031e+11 0.00000000e+00 0.00000000e+00 -2.89165140e+11  1.22507834e+07 3.10339788e+03 5.20277453e+22 1.67582876e+19 331.7622 7.0777 3.3176 2.7821 8.2806 7.4447 0.0000 1242594                                                                                                "" -3.02663209e+07 2.18384326e+09 4.56515033e+09 2.73000000e+02 1.20143908e+03 1.59200000e+03 7.03896194e-01 -1.05702773e+02 3.14517521e+01 2.07252940e-03 3.51662818e-03 fastscape_sep_4_2026_changed_end_time_mesh_refinments_visu_1_topography/solution/solution-00035 fastscape_sep_4_2026_changed_end_time_mesh_refinments_visu_1_topography/solution_surface/solution_surface-00035 
36 7.200000000000e+05 2.000000000000e+04 18000 489198 156131 1561310 1  8  48  49  486 -4.02057261e-03 4.91767335e-01 1.51815157e+12 -1.17180894e-04 4.31908980e-02 1.10017858e+13 -1.17180894e-04 2.00092953e+00 8.99156976e+13 -1.52641174e-04 1.97801921e+00 1.32357857e+14 -1.20167189e-02 1.00000000e+00 5.85566076e+12 -7.90025067e+01 4.03508111e+03 2.64296969e+16 0.00000000e+00 1.01201672e+00 7.36431893e+14 -1.04912378e-02 1.04048557e+00 5.35885035e+14 -4.04855719e-02 1.00000000e+00 2.30461750e+15 0.00000000e+00 1.00000000e+00 1.81718932e+15 2.24611807e-01 2.24622224e-01 0.00000000e+00 0.00000000e+00 -3.05405904e-01 6.51028246e-02 4.04275084e+09 4.04308223e+09 0.00000000e+00 0.00000000e+00 -1.09946126e+10 2.34370734e+09 1.39624627e+11 1.39657564e+11 0.00000000e+00 0.00000000e+00 -2.89165140e+11  1.28529371e+07 3.10343090e+03 5.20788903e+22 1.67584630e+19 331.7622 7.0777 3.3176 2.7821 8.2806 7.4447 0.0000 1243039                                                                                                "" -2.99370598e+07 2.18420040e+09 4.56513042e+09 2.73000000e+02 1.20151605e+03 1.59200000e+03 7.03954549e-01 -1.06943559e+02 3.55812122e+01 2.05652794e-03 3.51297612e-03 fastscape_sep_4_2026_changed_end_time_mesh_refinments_visu_1_topography/solution/solution-00036 fastscape_sep_4_2026_changed_end_time_mesh_refinments_visu_1_topography/solution_surface/solution_surface-00036 
37 7.400000000000e+05 2.000000000000e+04 18000 489198 156131 1561310 1  9  49  50  499 -4.82723321e-03 4.46501275e-01 1.58262726e+12 -1.10315712e-04 4.44609843e-02 1.13012701e+13 -1.10315712e-04 2.00219634e+00 9.02558220e+13 -1.74302053e-04 1.97880382e+00 1.33880666e+14 -1.59583820e-02 1.00000000e+00 5.94039114e+12 -7.90025067e+01 4.00066199e+03 2.68080383e+16 0.00000000e+00 1.01595838e+00 7.36145358e+14 -1.05430714e-02 1.04034823e+00 5.35692471e+14 -4.03482322e-02 1.00000000e+00 2.30392214e+15 0.00000000e+00 1.00000000e+00 1.81827804e+15 2.24631410e-01 2.24628962e-01 0.00000000e+00 0.00000000e+00 -3.05400396e-01 6.51124945e-02 4.04294458e+09 4.04334810e+09 0.00000000e+00 0.00000000e+00 -1.09944143e+10 2.34405561e+09 1.39619633e+11 1.39662954e+11 0.00000000e+00 0.00000000e+00 -2.89165140e+11  1.24430658e+07 3.10346630e+03 5.18806326e+22 1.67586510e+19 331.7622 7.0777 3.3176 2.7821 8.2806 7.4447 0.0000 1243940                                                                                                "" -3.01190402e+07 2.18400885e+09 4.56516749e+09 2.73000000e+02 1.20159295e+03 1.59200000e+03 7.04012850e-01 -1.08825368e+02 3.87943865e+01 2.04111205e-03 3.50622222e-03 fastscape_sep_4_2026_changed_end_time_mesh_refinments_visu_1_topography/solution/solution-00037 fastscape_sep_4_2026_changed_end_time_mesh_refinments_visu_1_topography/solution_surface/solution_surface-00037 
38 7.600000000000e+05 2.000000000000e+04 18000 489198 156131 1561310 1  9  45  46  459 -4.97277677e-03 4.45343735e-01 1.62560343e+12 -1.27179215e-04 4.57397562e-02 1.16002234e+13 -1.27179215e-04 2.00345858e+00 9.05885078e+13 -1.58685812e-04 1.97959493e+00 1.35478677e+14 -1.67876588e-02 1.00000000e+00 5.99301354e+12 -7.74882389e+01 3.99787532e+03 2.70607903e+16 0.00000000e+00 1.01678766e+00 7.35865846e+14 -1.05140828e-02 1.04178836e+00 5.35535293e+14 -4.17883581e-02 1.00000000e+00 2.30320074e+15 0.00000000e+00 1.00000000e+00 1.81938244e+15 2.24648948e-01 2.24637461e-01 0.00000000e+00 0.00000000e+00 -3.05394992e-01 6.51256260e-02 4.04326500e+09 4.04347476e+09 0.00000000e+00 0.00000000e+00 -1.09942197e+10 2.34452851e+09 1.39624642e+11 1.39663924e+11 0.00000000e+00 0.00000000e+00 -2.89165140e+11  1.10034333e+07 3.10350270e+03 5.19715706e+22 1.67588442e+19 331.7622 7.0777 3.3176 2.7821 8.2806 7.4447 0.0000 1244323                                                                                                "" -2.96293453e+07 2.18437991e+09 4.56536212e+09 2.73000000e+02 1.20166978e+03 1.59200000e+03 7.04071098e-01 -1.10333656e+02 3.95513767e+01 2.06323383e-03 3.51495352e-03 fastscape_sep_4_2026_changed_end_time_mesh_refinments_visu_1_topography/solution/solution-00038 fastscape_sep_4_2026_changed_end_time_mesh_refinments_visu_1_topography/solution_surface/solution_surface-00038 
39 7.800000000000e+05 2.000000000000e+04 18000 489198 156131 1561310 1  9  50  51  508 -4.83353511e-03 4.54652129e-01 1.66149537e+12 -1.36910754e-04 4.70075394e-02 1.18992952e+13 -1.36910754e-04 2.00469822e+00 9.08873772e+13 -1.59214345e-04 1.98038896e+00 1.37091948e+14 -1.55871671e-02 9.71072604e-01 6.02247031e+12 -7.74882389e+01 4.16855504e+03 2.71898485e+16 0.00000000e+00 1.01558717e+00 7.35603950e+14 -1.04654226e-02 1.02555335e+00 5.35403935e+14 -2.55533541e-02 1.00000000e+00 2.30246768e+15 0.00000000e+00 1.00000000e+00 1.82047820e+15 2.24661471e-01 2.24650733e-01 0.00000000e+00 0.00000000e+00 -3.05389687e-01 6.51400885e-02 4.04366583e+09 4.04351414e+09 0.00000000e+00 0.00000000e+00 -1.09940287e+10 2.34504934e+09 1.39631031e+11 1.39659098e+11 0.00000000e+00 0.00000000e+00 -2.89165140e+11  1.01788708e+07 3.10353816e+03 5.17983198e+22 1.67590323e+19 331.7622 7.0777 3.3176 2.7821 8.2806 7.4447 0.0000 1244648                                                                                                "" -2.99083664e+07 2.18415397e+09 4.56543988e+09 2.73000000e+02 1.20174653e+03 1.59200000e+03 7.04129285e-01 -1.11586908e+02 3.77441947e+01 2.08495406e-03 3.51872518e-03 fastscape_sep_4_2026_changed_end_time_mesh_refinments_visu_1_topography/solution/solution-00039 fastscape_sep_4_2026_changed_end_time_mesh_refinments_visu_1_topography/solution_surface/solution_surface-00039 
40 8.000000000000e+05 2.000000000000e+04 18000 489198 156131 1561310 1  8  52  53  527 -4.72619048e-03 4.50792992e-01 1.71825335e+12 -1.46459762e-04 4.82863230e-02 1.21964519e+13 -1.46459762e-04 2.00593269e+00 9.12030717e+13 -1.29818606e-04 1.98117640e+00 1.38767799e+14 -1.48809524e-02 9.61259089e-01 6.08898701e+12 -7.74882389e+01 4.11981189e+03 2.74660901e+16 0.00000000e+00 1.01488095e+00 7.35296463e+14 -1.07450253e-02 1.02525493e+00 5.35235180e+14 -2.52549262e-02 1.00000000e+00 2.30171521e+15 0.00000000e+00 1.00000000e+00 1.82163930e+15 2.24669191e-01 2.24669546e-01 0.00000000e+00 0.00000000e+00 -3.05384475e-01 6.51532046e-02 4.04405420e+09 4.04358134e+09 0.00000000e+00 0.00000000e+00 -1.09938411e+10 2.34552173e+09 1.39640230e+11 1.39650476e+11 0.00000000e+00 0.00000000e+00 -2.89165140e+11  1.16574511e+07 3.10357734e+03 5.18197466e+22 1.67592405e+19 331.7622 7.0777 3.3176 2.7821 8.2806 7.4447 0.0000 1245004                                                                                                "" -2.96465620e+07 2.18451585e+09 4.56541830e+09 2.73000000e+02 1.20182319e+03 1.59200000e+03 7.04187409e-01 -1.13588120e+02 3.50717819e+01 2.06463158e-03 3.51511366e-03 fastscape_sep_4_2026_changed_end_time_mesh_refinments_visu_1_topography/solution/solution-00040 fastscape_sep_4_2026_changed_end_time_mesh_refinments_visu_1_topography/solution_surface/solution_surface-00040 
41 8.200000000000e+05 2.000000000000e+04 18000 489198 156131 1561310 1  9  51  52  518 -4.86173060e-03 3.21838766e-01 1.82311545e+12 -1.48613558e-04 4.95593997e-02 1.24947562e+13 -1.48613558e-04 2.00716099e+00 9.15160404e+13 -2.77751991e-04 1.95788403e+00 1.40332966e+14 -1.60570919e-02 9.08503588e-01 6.21072687e+12 -7.65351071e+01 3.87010077e+03 2.80586492e+16 0.00000000e+00 1.01605709e+00 7.34981985e+14 -1.28129081e-02 1.02527134e+00 5.35047363e+14 -2.52713446e-02 1.00000000e+00 2.30094216e+15 0.00000000e+00 1.00000000e+00 1.82279164e+15 2.24674915e-01 2.24690475e-01 0.00000000e+00 0.00000000e+00 -3.05379357e-01 6.51611829e-02 4.04433430e+09 4.04376572e+09 0.00000000e+00 0.00000000e+00 -1.09936568e+10 2.34580911e+09 1.39646996e+11 1.39645926e+11 0.00000000e+00 0.00000000e+00 -2.89165140e+11  1.44640051e+07 3.10361004e+03 5.15849899e+22 1.67594131e+19 331.7622 7.0777 3.3176 2.7821 8.2806 7.4447 0.0000 1245651                                                                                                "" -3.00013402e+07 2.18432342e+09 4.56539962e+09 2.73000000e+02 1.20189980e+03 1.59200000e+03 7.04245486e-01 -1.15655103e+02 3.84846602e+01 2.04230084e-03 3.50555378e-03 fastscape_sep_4_2026_changed_end_time_mesh_refinments_visu_1_topography/solution/solution-00041 fastscape_sep_4_2026_changed_end_time_mesh_refinments_visu_1_topography/solution_surface/solution_surface-00041 
42 8.400000000000e+05 2.000000000000e+04 18000 489198 156131 1561310 1  9  48  49  489 -1.93421151e-02 3.42767919e-01 1.88975245e+12 -1.33147404e-04 5.08461847e-02 1.27922030e+13 -1.33147404e-04 2.00840537e+00 9.18179532e+13 -1.03069776e-04 1.95788403e+00 1.41888266e+14 -2.29137539e-02 9.09891360e-01 6.28243095e+12 -1.24295308e+02 3.82594658e+03 2.84003472e+16 0.00000000e+00 1.02291375e+00 7.34697319e+14 -2.14272571e-02 1.03186097e+00 5.34845852e+14 -3.18609679e-02 1.00000000e+00 2.30018764e+15 0.00000000e+00 1.00000000e+00 1.82395948e+15 2.24682602e-01 2.24708973e-01 0.00000000e+00 0.00000000e+00 -3.05374327e-01 6.51739878e-02 4.04446363e+09 4.04409917e+09 0.00000000e+00 0.00000000e+00 -1.09934758e+10 2.34627026e+09 1.39646209e+11 1.39644722e+11 0.00000000e+00 0.00000000e+00 -2.89165140e+11  1.86129686e+07 3.10364834e+03 5.16587112e+22 1.67596164e+19 331.7622 7.0777 3.3176 2.7821 8.2806 7.4447 0.0000 1246573                                                                                                "" -2.97571593e+07 2.18469791e+09 4.56562820e+09 2.73000000e+02 1.20197632e+03 1.59200000e+03 7.04303501e-01 -1.17061736e+02 3.89161015e+01 2.06990981e-03 3.51604691e-03 fastscape_sep_4_2026_changed_end_time_mesh_refinments_visu_1_topography/solution/solution-00042 fastscape_sep_4_2026_changed_end_time_mesh_refinments_visu_1_topography/solution_surface/solution_surface-00042 
43 8.600000000000e+05 2.000000000000e+04 18000 489198 156131 1561310 1  9  46  47  466 -1.95028042e-02 3.30367556e-01 1.94764282e+12 -1.42606189e-04 5.21236042e-02 1.30889898e+13 -1.42606189e-04 2.00965472e+00 9.21488869e+13 -2.10345815e-04 1.95788403e+00 1.43446489e+14 -2.38535135e-02 9.10912579e-01 6.35184877e+12 -1.24939211e+02 3.84001085e+03 2.87940612e+16 0.00000000e+00 1.02385351e+00 7.34412004e+14 -2.14291215e-02 1.03272472e+00 5.34664395e+14 -3.27247237e-02 1.00000000e+00 2.29940014e+15 0.00000000e+00 1.00000000e+00 1.82514316e+15 2.24695662e-01 2.24721623e-01 0.00000000e+00 0.00000000e+00 -3.05369382e-01 6.51868671e-02 4.04448983e+09 4.04453608e+09 0.00000000e+00 0.00000000e+00 -1.09932977e+10 2.34673408e+09 1.39638150e+11 1.39657990e+11 0.00000000e+00 0.00000000e+00 -2.89165140e+11  2.02042727e+07 3.10368558e+03 5.14795681e+22 1.67598138e+19 331.7622 7.0777 3.3176 2.7821 8.2806 7.4447 0.0000 1246911                                                                                                "" -3.01520997e+07 2.18446381e+09 4.56572064e+09 2.73000000e+02 1.20205275e+03 1.59200000e+03 7.04361452e-01 -1.18044321e+02 3.78917781e+01 2.10367546e-03 3.52152587e-03 fastscape_sep_4_2026_changed_end_time_mesh_refinments_visu_1_topography/solution/solution-00043 fastscape_sep_4_2026_changed_end_time_mesh_refinments_visu_1_topography/solution_surface/solution_surface-00043 
44 8.800000000000e+05 2.000000000000e+04 18000 489198 156131 1561310 1  8  53  54  535 -1.99359756e-02 7.74035125e-01 2.01907643e+12 -1.52795373e-04 5.34049777e-02 1.33860281e+13 -1.52795373e-04 2.01090903e+00 9.25107469e+13 -2.29246294e-04 1.95788403e+00 1.45052059e+14 -2.66304267e-02 9.11831022e-01 6.42179923e+12 -1.29120855e+02 4.51443408e+03 2.91034913e+16 0.00000000e+00 1.02663043e+00 7.34145055e+14 -2.14054662e-02 1.03361449e+00 5.34504225e+14 -3.36144851e-02 1.00000000e+00 2.29855645e+15 0.00000000e+00 1.00000000e+00 1.82634313e+15 2.24715026e-01 2.24728135e-01 0.00000000e+00 0.00000000e+00 -3.05364516e-01 6.51993202e-02 4.04453645e+09 4.04496622e+09 0.00000000e+00 0.00000000e+00 -1.09931226e+10 2.34718256e+09 1.39629875e+11 1.39670455e+11 0.00000000e+00 0.00000000e+00 -2.89165140e+11  1.76295025e+07 3.10371830e+03 5.14889369e+22 1.67599877e+19 331.7622 7.0777 3.3176 2.7821 8.2806 7.4447 0.0000 1247223                                                                                                "" -3.01028824e+07 2.18481659e+09 4.56567271e+09 2.73000000e+02 1.20212907e+03 1.59200000e+03 7.04419313e-01 -1.19519122e+02 4.31658126e+01 2.08074354e-03 3.51857852e-03 fastscape_sep_4_2026_changed_end_time_mesh_refinments_visu_1_topography/solution/solution-00044 fastscape_sep_4_2026_changed_end_time_mesh_refinments_visu_1_topography/solution_surface/solution_surface-00044 
45 9.000000000000e+05 2.000000000000e+04 18000 489198 156131 1561310 1  9  53  54  536 -1.97748317e-02 7.72961889e-01 2.07502929e+12 -1.65452608e-04 5.46606577e-02 1.36824202e+13 -1.65452608e-04 2.01213976e+00 9.28475633e+13 -2.74438730e-04 1.95788403e+00 1.46768714e+14 -2.66315481e-02 9.13113367e-01 6.45075177e+12 -1.29037629e+02 4.55728883e+03 2.92546798e+16 0.00000000e+00 1.02663155e+00 7.33888849e+14 -1.95979602e-02 1.03534953e+00 5.34292918e+14 -3.53495261e-02 1.00000000e+00 2.29783571e+15 0.00000000e+00 1.00000000e+00 1.82750158e+15 2.24737405e-01 2.24732182e-01 0.00000000e+00 0.00000000e+00 -3.05359731e-01 6.52118743e-02 4.04471682e+09 4.04528318e+09 0.00000000e+00 0.00000000e+00 -1.09929503e+10 2.34763464e+09 1.39624216e+11 1.39683425e+11 0.00000000e+00 0.00000000e+00 -2.89165140e+11  1.23938450e+07 3.10376036e+03 5.12413107e+22 1.67602122e+19 331.7622 7.0777 3.3176 2.7821 8.2806 7.4447 0.0000 1247795                                                                                                "" -3.03445095e+07 2.18463429e+09 4.56567491e+09 2.73000000e+02 1.20220530e+03 1.59200000e+03 7.04477105e-01 -1.21425925e+02 4.71657815e+01 2.04583603e-03 3.50754567e-03 fastscape_sep_4_2026_changed_end_time_mesh_refinments_visu_1_topography/solution/solution-00045 fastscape_sep_4_2026_changed_end_time_mesh_refinments_visu_1_topography/solution_surface/solution_surface-00045 
46 9.200000000000e+05 2.000000000000e+04 18000 489198 156131 1561310 1  9  49  50  498 -1.75154034e-02 8.69953004e-01 2.19534347e+12 -2.16963623e-04 5.59050167e-02 1.39786250e+13 -2.16963623e-04 2.01334635e+00 9.31390470e+13 -3.17647595e-04 1.95788403e+00 1.48426738e+14 -2.66315481e-02 1.00000000e+00 6.56957653e+12 -1.29037629e+02 4.59637731e+03 2.97687290e+16 0.00000000e+00 1.02663155e+00 7.33532690e+14 -1.86589185e-02 1.03664355e+00 5.34148357e+14 -3.66435492e-02 1.00000000e+00 2.29692771e+15 0.00000000e+00 1.00000000e+00 1.82879072e+15 2.24757235e-01 2.24738051e-01 0.00000000e+00 0.00000000e+00 -3.05355024e-01 6.52199295e-02 4.04507413e+09 4.04541480e+09 0.00000000e+00 0.00000000e+00 -1.09927809e+10 2.34792476e+09 1.39625932e+11 1.39683465e+11 0.00000000e+00 0.00000000e+00 -2.89165140e+11  4.35123027e+06 3.10379553e+03 5.13341726e+22 1.67603998e+19 331.7622 7.0777 3.3176 2.7821 8.2806 7.4447 0.0000 1248192                                                                                                "" -2.98664004e+07 2.18501068e+09 4.56592314e+09 2.73000000e+02 1.20228143e+03 1.59200000e+03 7.04534819e-01 -1.22950552e+02 4.77585571e+01 2.07941355e-03 3.51769052e-03 fastscape_sep_4_2026_changed_end_time_mesh_refinments_visu_1_topography/solution/solution-00046 fastscape_sep_4_2026_changed_end_time_mesh_refinments_visu_1_topography/solution_surface/solution_surface-00046 
47 9.400000000000e+05 2.000000000000e+04 18000 489198 156131 1561310 1  9  51  52  516 -1.74339587e-02 8.64724053e-01 2.25393443e+12 -2.10771694e-04 5.32713935e-02 1.42734957e+13 -2.10771694e-04 2.01451645e+00 9.34551811e+13 -3.25078484e-04 1.95788403e+00 1.49969888e+14 -2.66315481e-02 1.00000000e+00 6.62301075e+12 -1.29037629e+02 4.57966495e+03 2.99942960e+16 0.00000000e+00 1.02663155e+00 7.33252307e+14 -2.63040718e-02 1.03810630e+00 5.33990741e+14 -3.81062962e-02 1.00000000e+00 2.29606398e+15 0.00000000e+00 1.00000000e+00 1.83003822e+15 2.24770196e-01 2.24750054e-01 0.00000000e+00 0.00000000e+00 -3.05350389e-01 6.52348647e-02 4.04555440e+09 4.04541109e+09 0.00000000e+00 0.00000000e+00 -1.09926140e+10 2.34846257e+09 1.39638547e+11 1.39676537e+11 0.00000000e+00 0.00000000e+00 -2.89165140e+11 -3.41515718e+05 3.10383272e+03 5.11893423e+22 1.67605981e+19 331.7622 7.0777 3.3176 2.7821 8.2806 7.4447 0.0000 1248684                                                                                                "" -3.01794766e+07 2.18476430e+09 4.56601135e+09 2.73000000e+02 1.20235747e+03 1.59200000e+03 7.04592474e-01 -1.24197640e+02 4.46127764e+01 2.12827150e-03 3.52487922e-03 fastscape_sep_4_2026_changed_end_time_mesh_refinments_visu_1_topography/solution/solution-00047 fastscape_sep_4_2026_changed_end_time_mesh_refinments_visu_1_topography/solution_surface/solution_surface-00047 
48 9.600000000000e+05 2.000000000000e+04 18000 489198 156131 1561310 1  8  53  54  537 -1.76278214e-02 8.60055271e-01 2.33325816e+12 -2.08299334e-04 5.44939557e-02 1.45692687e+13 -2.08299334e-04 2.01567474e+00 9.38075615e+13 -2.29546693e-04 1.95788403e+00 1.51567758e+14 -2.79411765e-02 1.00000000e+00 6.70021775e+12 -1.36123582e+02 4.62481868e+03 3.03548121e+16 0.00000000e+00 1.02794118e+00 7.32988398e+14 -2.71916105e-02 1.03740205e+00 5.33811396e+14 -3.74020498e-02 1.00000000e+00 2.29516520e+15 0.00000000e+00 1.00000000e+00 1.83130228e+15 2.24776060e-01 2.24769789e-01 0.00000000e+00 0.00000000e+00 -3.05345824e-01 6.52472029e-02 4.04603549e+09 4.04541814e+09 0.00000000e+00 0.00000000e+00 -1.09924496e+10 2.34890692e+09 1.39647201e+11 1.39666545e+11 0.00000000e+00 0.00000000e+00 -2.89165140e+11  2.03504474e+06 3.10386596e+03 5.12048421e+22 1.67607753e+19 331.7622 7.0777 3.3176 2.7821 8.2806 7.4447 0.0000 1249345                                                                                                "" -3.00353185e+07 2.18510583e+09 4.56592910e+09 2.73000000e+02 1.20243343e+03 1.59200000e+03 7.04650060e-01 -1.26581510e+02 3.95380141e+01 2.10050400e-03 3.52341926e-03 fastscape_sep_4_2026_changed_end_time_mesh_refinments_visu_1_topography/solution/solution-00048 fastscape_sep_4_2026_changed_end_time_mesh_refinments_visu_1_topography/solution_surface/solution_surface-00048 
49 9.800000000000e+05 2.000000000000e+04 18000 489198 156131 1561310 1  9  51  52  513 -1.77835636e-02 8.55702122e-01 2.42556153e+12 -1.31589545e-04 5.53088557e-02 1.48647344e+13 -1.31589545e-04 2.01682896e+00 9.41925535e+13 -4.33333207e-04 1.95788403e+00 1.53153778e+14 -1.90887690e-02 1.00000000e+00 6.78210938e+12 -1.80377293e+02 3.79494826e+03 3.06872923e+16 0.00000000e+00 1.02589740e+00 7.32668211e+14 -2.58974042e-02 1.03973345e+00 5.33608944e+14 -3.97334499e-02 1.00000000e+00 2.29432499e+15 0.00000000e+00 1.00000000e+00 1.83258241e+15 2.24778424e-01 2.24793453e-01 0.00000000e+00 0.00000000e+00 -3.05341326e-01 6.52555975e-02 4.04638097e+09 4.04556863e+09 0.00000000e+00 0.00000000e+00 -1.09922877e+10 2.34920929e+09 1.39658981e+11 1.39658670e+11 0.00000000e+00 0.00000000e+00 -2.89165140e+11  8.23677348e+06 3.10390731e+03 5.09493999e+22 1.67609960e+19 331.7622 7.0777 3.3176 2.7821 8.2806 7.4447 0.0000 1249969                                                                                                "" -3.05212782e+07 2.18493211e+09 4.56591271e+09 2.73000000e+02 1.20250932e+03 1.59200000e+03 7.04707593e-01 -1.29321572e+02 4.28215669e+01 2.04550037e-03 3.51067705e-03 fastscape_sep_4_2026_changed_end_time_mesh_refinments_visu_1_topography/solution/solution-00049 fastscape_sep_4_2026_changed_end_time_mesh_refinments_visu_1_topography/solution_surface/solution_surface-00049 
50 1.000000000000e+06 2.000000000000e+04 18000 489198 156131 1561310 1 10  49  50  497 -1.78980107e-02 6.53798727e-01 2.46785788e+12 -1.39266312e-04 5.65423410e-02 1.51583592e+13 -1.39266312e-04 2.01801464e+00 9.42109424e+13 -4.76474875e-04 1.95788403e+00 1.54486799e+14 -1.91239497e-02 1.00000000e+00 6.81003288e+12 -1.72886265e+02 4.01272443e+03 3.08389128e+16 0.00000000e+00 1.02483644e+00 7.32403198e+14 -2.48364438e-02 1.04075470e+00 5.33444984e+14 -4.07547034e-02 1.00000000e+00 2.29342973e+15 0.00000000e+00 1.00000000e+00 1.83387789e+15 2.24782617e-01 2.24814564e-01 0.00000000e+00 0.00000000e+00 -3.05336901e-01 6.52697313e-02 4.04649186e+09 4.04593298e+09 0.00000000e+00 0.00000000e+00 -1.09921284e+10 2.34971825e+09 1.39659818e+11 1.39661166e+11 0.00000000e+00 0.00000000e+00 -2.89165140e+11  1.66643674e+07 3.10394746e+03 5.10798928e+22 1.67612102e+19 331.7622 7.0777 3.3176 2.7821 8.2806 7.4447 0.0000 1250286                                                                                                "" -3.02061162e+07 2.18533140e+09 4.56623428e+09 2.73000000e+02 1.20258512e+03 1.59200000e+03 7.04765066e-01 -1.30740951e+02 4.36334837e+01 2.09287761e-03 3.51998324e-03 fastscape_sep_4_2026_changed_end_time_mesh_refinments_visu_1_topography/solution/solution-00050 fastscape_sep_4_2026_changed_end_time_mesh_refinments_visu_1_topography/solution_surface/solution_surface-00050 
